2.551524	5.696583	10.592932
4.300195	7.786903	8.223068
6.459896	7.029023	4.313490
3.266364	6.760622	9.264557
3.931941	4.994245	-0.037292
6.293972	7.016391	9.391845
3.187178	6.779086	9.253155
2.022772	5.435429	5.859041
4.543067	5.610714	11.867791
2.082736	5.023616	3.026552
1.603790	1.699936	6.678303
5.793680	8.644123	4.517869
4.194873	5.410398	12.194191
4.086898	4.780106	11.870927
3.291649	3.401774	0.653846
2.061575	5.583987	6.174703
6.052499	6.988198	2.384127
4.774846	3.060445	6.851352
2.723124	5.996134	10.190019
4.383269	3.102287	1.443346
5.034915	4.432478	1.499417
3.605324	4.797715	12.000243
4.209979	4.645219	11.847685
4.439574	4.670218	11.867737
6.561530	6.024276	4.850207
5.081229	4.801416	1.458979
6.194374	5.287450	8.055791
2.888355	5.906051	1.103641
5.275321	6.167837	11.240473
5.844041	3.980526	5.420092
4.275362	6.439557	0.686025
2.803873	4.742776	0.810080
2.781894	2.558129	1.685777
6.433954	7.440500	4.249480
2.903928	5.196900	1.525873
4.455181	5.923007	0.302173
4.153223	2.456564	6.542600
4.962947	3.177677	9.226306
2.612847	2.165654	3.515395
4.793420	3.666895	2.219888
1.451270	4.767494	5.414659
4.467754	3.977093	0.940510
4.047417	5.446671	0.017385
1.908232	4.411466	2.519211
3.512084	5.825352	11.409318
2.543771	6.348735	4.593005
2.661768	1.259675	7.008850
3.257232	2.719549	10.463173
1.838858	4.789477	3.735346
2.875857	4.456206	0.127716
3.903044	4.692038	0.019642
2.907020	6.041270	1.581120
2.681416	2.547756	1.577298
2.271846	3.682447	10.485610
3.165915	4.496119	0.246266
6.188602	5.652058	9.053109
3.857439	7.213310	1.623002
3.814208	6.399468	11.073169
5.317920	6.921962	10.543527
6.259746	6.159214	2.810045
4.257290	4.418776	11.963004
3.179141	6.225163	1.345031
3.806606	5.142595	11.980642
4.539749	4.915786	11.939328
4.815695	5.591116	0.502892
2.868675	2.287155	2.411745
3.188048	6.834880	2.952353
2.261482	1.860439	3.982030
1.791381	2.019681	4.149122
2.324407	5.132539	4.256095
5.976052	4.965278	4.106611
5.043691	6.524495	11.492702
1.770544	1.959818	7.314910
3.035115	5.029843	11.277625
6.654123	7.673676	5.828634
4.932406	3.433361	2.528982
4.156301	4.712642	11.970129
6.066236	5.010820	8.896130
4.066973	5.160070	0.079692
4.164938	5.057144	-0.036663
2.707531	1.335969	7.012481
6.374253	6.850548	8.969827
4.205332	2.719615	2.526977
3.939226	5.016855	-0.099307
6.043555	8.455889	7.752835
4.252168	5.448114	11.809008
2.978954	3.226691	1.177237
4.424591	4.245349	0.407710
4.134555	5.216474	11.919839
3.110306	4.059810	11.300060
4.204784	4.193576	0.276370
5.402123	6.587974	10.743602
4.371318	8.093503	7.683964
4.578419	5.361714	11.980010
4.465940	2.306795	6.700923
3.467935	5.333627	10.683188
4.793198	6.499504	11.143718
4.789145	3.329753	10.085867
2.528622	4.088112	10.611821
4.254467	3.491707	10.804431
2.985998	4.584487	11.354230
3.230126	5.799495	10.823413
2.728911	5.165889	10.519575
4.350923	2.126985	5.147977
4.168314	4.978932	-0.011937
4.537765	5.429636	11.728771
3.678419	4.824285	-0.014228
5.697628	7.909403	9.278494
2.641250	6.077894	9.557785
2.681651	4.693886	0.946026
4.342871	6.030925	11.515747
4.062022	5.170843	0.121826
5.947433	6.601191	1.883383
3.057823	3.844255	11.504687
3.699715	2.704404	1.316756
5.300178	4.959623	1.252101
6.239976	7.816000	8.180315
3.471275	4.255196	11.834279
3.403272	4.842836	11.751260
1.990552	1.925145	8.982425
2.857059	4.556612	11.717845
6.252735	6.975688	8.770266
6.072952	4.986170	8.606010
3.859428	4.701185	11.916471
3.239536	6.968915	7.991606
2.455446	6.343394	9.432410
3.611132	6.124521	11.416661
4.016506	4.606027	12.022670
1.528280	2.195437	5.802746
1.711554	4.148057	8.613331
4.616687	5.090348	0.123854
4.343578	2.441930	9.202174
5.854149	6.352798	2.125587
3.857993	5.460030	11.925470
3.731409	5.815353	0.809157
6.548389	6.816704	8.750666
3.616562	5.176073	11.917490
2.474869	1.839079	3.606020
3.670484	7.535346	8.246519
6.636122	7.699633	4.852939
2.197062	1.795514	3.210303
4.403012	5.140815	11.965149
4.167421	5.414696	-0.056401
3.097193	4.758102	0.218750
2.313114	3.445165	10.430891
4.013616	5.907537	0.078765
5.963202	7.021594	2.804904
5.937571	6.797817	2.172300
2.658692	4.825457	0.801351
4.883473	8.384439	7.592455
4.632074	5.324789	11.838326
3.086998	2.460857	1.832694
2.590846	3.500168	11.027022
5.257638	8.427497	4.825941
3.674183	3.354471	11.068880
1.850889	4.251802	5.786764
3.507054	1.909832	7.912836
5.434874	7.435683	1.460320
5.355129	6.781270	10.777919
5.861353	6.254410	10.282264
3.942557	2.242140	9.277828
6.557844	6.043340	4.466082
2.974622	5.075228	1.031525
3.829107	2.487834	9.450315
3.972807	3.093343	2.035032
4.024158	4.695252	11.944268
5.858440	6.615607	2.289119
5.372622	6.446864	11.243139
5.239487	5.865128	11.469726
5.166408	5.565315	11.200863
3.384584	5.860974	11.476556
4.311304	4.641834	0.340787
2.328616	4.596968	10.981829
5.168018	5.408034	0.607105
3.130822	4.868604	11.309759
3.551036	2.496656	9.684296
6.389226	8.133279	3.745523
3.642210	3.558062	0.782567
4.448082	7.261360	10.543601
4.524471	4.841605	0.332789
3.761936	1.961231	3.921460
6.378523	4.370762	5.487649
2.499964	1.594950	4.073414
2.403854	1.754146	9.270822
5.278023	6.375745	0.955979
3.332936	4.719027	11.811091
4.732098	2.808771	3.706711
3.151175	6.818554	9.426896
4.125014	4.030652	0.238703
3.679063	5.173372	11.944218
3.462145	7.561004	7.442322
5.704579	7.016999	10.304461
1.724932	2.710204	6.437587
4.179724	5.046055	-0.040980
2.692869	6.334371	7.113996
4.077001	2.657477	9.736864
2.104969	5.699421	8.101383
4.387976	7.386977	10.646266
3.151360	5.574020	11.068295
3.461112	2.351548	9.924197
3.682062	4.359690	0.281920
4.159830	4.750262	0.195404
5.924806	8.041031	8.662455
2.128914	2.421708	10.218533
2.540950	2.142734	9.483922
6.044193	4.574317	7.677240
2.542417	1.302006	5.961364
3.759889	4.854039	11.961792
4.696838	3.600261	1.042542
5.233038	7.810333	10.155537
5.653751	7.887457	3.041143
2.566473	6.076758	4.202932
1.833786	2.171332	4.431648
1.964900	5.082079	9.345367
1.889330	4.911033	3.227879
5.028260	2.861624	6.262728
2.704681	1.598517	6.846301
4.092067	5.104545	11.959369
2.682576	2.363185	2.144083
1.891398	5.730414	6.511232
5.859437	7.251966	9.641898
6.312181	7.646076	4.632534
5.051302	6.301962	11.235776
3.929507	4.612405	0.030329
4.037720	2.899673	10.481595
3.585178	6.283802	11.278080
5.022485	3.100528	3.372181
3.752613	6.145623	0.408964
4.838059	4.449538	1.511344
4.869489	6.090450	0.203200
3.896442	5.939341	11.554012
4.548543	6.300071	0.548120
5.538687	4.427421	2.880562
3.187287	3.544556	11.665040
6.288950	5.391695	6.869281
3.045256	6.711809	7.561331
4.587807	5.415381	11.990957
5.025037	4.773359	0.812296
5.309717	7.904040	2.013116
4.671352	2.932362	7.728951
1.894779	1.933976	5.787438
4.238539	4.317783	11.467374
1.540376	2.333448	7.418004
4.036605	7.591700	7.641604
4.385633	4.735301	0.168436
4.945965	5.752451	0.539571
1.679808	2.400403	2.952800
1.071292	3.390537	6.329959
4.357198	7.268539	10.539351
2.063840	3.449364	1.908401
4.662578	3.369235	2.798382
2.390322	3.157797	1.184160
5.029312	3.902457	2.336205
3.629646	3.727103	0.698637
3.918168	3.532515	0.965798
1.533906	3.649058	3.661375
3.576973	7.002936	2.513904
3.359738	5.372979	11.479442
6.664460	6.706811	4.964895
1.696794	4.276131	4.021686
1.933433	4.345131	8.356221
5.299585	6.421167	11.382514
5.988805	4.963906	10.072616
2.278810	2.226573	8.999318
6.080957	5.235457	4.336059
1.390252	2.275554	7.185191
4.004027	5.104252	0.123924
1.691423	1.832975	5.746275
3.107003	1.688377	8.369689
3.604701	6.058141	11.492246
6.110546	4.598921	6.550062
4.493582	5.234206	0.351571
4.153094	5.093306	11.956168
4.710645	4.614275	11.604006
4.091000	5.982372	0.363921
2.294525	2.662135	2.695075
3.622626	3.260028	0.498955
3.429895	6.071809	1.433842
6.551047	7.300808	7.021049
4.004723	6.978690	1.338798
6.367471	7.608946	8.644955
3.370831	2.370854	9.772217
2.477974	3.819484	1.191798
5.220535	4.172028	1.698695
4.225083	4.725329	0.100221
3.811966	4.901741	0.116676
4.585861	8.084619	7.631881
3.305637	2.512116	10.346872
2.559264	2.627842	1.624032
4.886478	4.964576	0.992686
4.810163	5.771229	11.780930
3.383030	3.849017	11.738731
3.235180	1.814411	3.866171
3.513679	5.449536	11.451639
4.711402	5.978401	-0.003957
4.340268	7.248715	10.389701
2.251390	3.513472	1.179855
2.446147	3.526393	11.032584
4.101626	4.685436	-0.029641
4.139083	6.486892	0.568584
4.101579	7.494857	10.250156
3.476933	5.228825	0.248880
3.336076	1.585876	7.384120
4.198866	3.558128	11.382427
4.524160	5.654336	0.361320
4.745143	6.266271	11.705669
3.521354	1.835672	5.669792
1.693989	2.894469	2.772929
1.609131	3.053903	3.944371
3.677068	5.951559	0.524533
3.830035	3.081548	1.084115
3.679627	3.000486	11.242311
5.614087	4.041377	5.581159
3.310320	2.863021	1.033330
2.921632	2.501657	1.728846
4.850189	6.745341	0.737589
3.987092	5.181318	11.804217
5.496040	4.861023	9.811939
5.054567	4.457505	1.048590
4.828098	5.358179	0.510979
1.671357	3.092136	9.442715
3.945766	5.602285	11.789471
3.480430	1.498037	6.354930
3.772923	7.446149	7.560917
3.969022	3.481901	11.422617
6.251986	4.686039	5.316605
5.906541	4.969998	8.973796
5.150817	3.187950	7.096798
3.669138	5.335814	0.449789
3.638861	4.665224	0.235119
2.682901	6.084416	2.691354
4.559579	4.485056	0.248450
4.226752	7.913190	4.173903
6.450071	7.621707	4.385337
4.194750	5.373316	12.095243
2.176983	5.284844	2.037650
4.194999	4.075014	11.264544
4.116066	4.483379	0.123212
5.192654	7.028368	11.045067
5.208254	5.097417	0.212534
4.610090	6.481614	0.474998
3.545940	2.267541	1.814158
2.001026	2.026787	9.361715
5.160176	7.355351	10.615346
6.042516	8.052232	3.301476
2.303259	3.929970	10.685724
5.382938	4.973250	1.214284
6.058614	5.935653	10.051073
3.613555	4.204568	11.793236
3.964481	5.698972	11.882430
3.429830	6.042193	10.018285
5.984191	8.567551	4.650523
4.372077	8.162954	6.703399
4.464407	6.792190	0.456440
5.646059	6.635953	10.287499
6.197878	4.947846	6.442948
1.736260	1.926863	6.891651
4.306702	6.597263	10.852600
2.288972	4.159147	10.128729
4.449138	5.832694	12.047944
3.537392	7.567556	2.499638
4.240027	5.111516	11.679385
4.165313	5.411305	0.274748
4.231186	4.249010	0.451986
5.473380	5.568115	11.050380
1.982559	4.680742	2.948666
5.928259	6.644270	3.100059
4.180149	4.947564	0.024954
3.240588	2.264278	1.833884
5.699078	7.181149	10.190875
4.648161	5.532051	0.321969
5.684142	8.196281	3.326371
4.111410	4.391946	12.010532
2.795236	6.799351	9.193049
1.789621	2.110866	3.967087
4.224405	6.850366	0.968086
2.762792	2.232248	2.585071
4.539271	5.063767	11.442256
2.251510	2.708905	2.278335
3.698223	4.361793	11.807081
2.741714	1.813864	9.355637
6.006021	4.961209	4.288101
3.903561	4.451092	-0.041708
3.457462	4.839997	11.713277
4.769181	7.948611	8.731438
4.220995	7.917896	6.998873
5.490181	8.573102	5.699371
5.658958	6.665054	1.537466
5.251913	5.100544	10.587941
1.847757	1.412610	5.798623
2.753899	3.887720	0.536464
4.021049	4.647805	0.215582
5.477003	7.990384	2.582589
2.560398	6.344967	5.712305
3.507193	1.773794	9.020002
1.826264	2.020340	7.064898
4.739150	5.494708	11.633457
3.970158	4.275675	11.787691
1.814666	3.267896	9.985235
3.847320	7.093290	10.230044
2.128185	2.092581	2.575115
3.612976	2.691093	9.901831
1.518762	3.537510	9.801983
3.942419	5.173619	0.177460
6.414688	6.018384	7.893704
4.152860	3.925744	0.245044
4.526970	8.324085	5.745005
2.950476	5.444956	11.204418
6.096754	5.929622	9.067519
6.763546	5.769616	5.106335
3.406126	2.175406	9.889370
6.006227	4.811179	3.936235
2.820661	2.282255	2.265901
3.047228	4.796263	0.708462
3.986857	4.229723	11.832835
4.122313	4.032635	0.330946
5.208641	7.070496	11.154606
2.481828	2.002959	9.575683
4.386955	5.874182	11.833929
3.816619	2.540396	10.342872
3.706270	3.740643	0.463062
6.264585	6.775092	8.746189
4.054761	5.597230	0.246678
3.420342	7.382543	3.883962
6.339053	6.399743	6.444142
4.998014	5.650572	11.388216
4.423203	2.217048	4.538175
2.464304	1.477309	5.528616
3.982654	4.537126	-0.069013
3.389759	3.847733	0.362104
3.637250	2.797929	1.809487
3.957642	4.350354	0.190583
6.402505	7.375707	5.713024
4.965945	5.203354	0.511432
3.457224	5.195308	11.842261
2.144938	3.292592	10.327613
3.133715	2.477486	1.386031
6.282753	6.881727	3.255090
4.795835	5.865140	0.604202
3.376177	6.595617	9.777207
2.637790	5.776055	8.999740
6.371947	5.792719	5.426395
1.945217	2.059261	8.676790
4.365211	6.609933	0.589385
6.160086	5.516240	3.895571
3.680962	2.438473	10.025939
2.914519	5.094491	11.172617
5.587037	5.827004	11.098549
4.627964	2.521308	3.960140
5.432892	7.525904	2.513155
5.038618	5.393124	11.112090
1.679556	1.877613	7.213378
3.476158	5.003427	11.862776
4.009410	4.846078	-0.045269
6.181548	7.524941	2.486906
3.673832	6.380494	1.115924
6.005639	5.466979	2.322411
5.457850	7.662020	1.927888
4.735219	5.569458	11.597953
5.908896	8.105021	2.716755
2.946212	4.971214	11.428062
4.381716	5.473721	0.116401
5.216905	8.696110	6.164137
1.827818	2.305349	3.072164
3.989059	4.925864	0.105623
3.395736	5.058086	11.462126
1.854376	2.589374	3.326001
3.893674	4.911109	-0.134917
1.965329	3.634715	9.360929
1.545289	2.567946	5.117938
3.423814	5.716436	11.432506
2.005871	5.525131	3.795486
3.526646	4.481787	0.235638
4.782333	6.850431	0.951956
4.154549	2.719438	9.562191
2.966341	1.508788	5.065185
4.024295	4.838286	-0.130806
3.971122	4.477809	11.827026
1.378981	4.520738	5.149817
4.197670	5.181337	-0.178221
4.132214	3.591163	11.038663
4.479620	5.270808	0.217735
6.017163	6.237729	10.257656
3.177178	1.671809	4.906206
5.585238	5.165393	1.606039
4.214257	4.147221	11.716954
4.835466	4.276636	1.376635
6.203501	5.605863	5.162621
5.756265	3.971763	5.570027
3.707262	6.427295	11.099093
2.644838	6.320233	3.459410
4.463919	4.207986	11.040655
6.634992	6.256169	3.958576
4.224328	4.935867	-0.093344
2.579839	6.640523	3.963731
3.687495	2.660121	1.465103
3.187740	4.383524	0.209062
3.643710	4.762836	0.161544
3.502748	3.476458	11.511431
2.678068	4.439537	11.302743
3.844770	5.175533	0.028674
6.680910	6.146155	7.348830
5.878347	5.292971	2.870928
4.834500	7.829291	2.929310
4.666737	5.252234	12.048904
4.060762	4.963631	0.029288
4.482421	5.202732	-0.023339
4.057648	7.500688	2.227468
2.943425	3.343354	0.829644
4.839703	6.445512	0.621973
1.770508	4.004538	10.223613
2.108887	5.802352	5.586555
1.759142	2.944285	2.779593
2.705795	4.981318	0.657272
6.482879	6.156121	3.587434
4.013654	3.356486	1.064579
1.292751	2.155774	6.753677
4.048071	5.135079	-0.027092
1.251668	2.042363	6.860001
4.817227	3.835069	11.114016
4.333949	3.690143	10.620367
4.841196	6.686678	0.564502
5.492411	7.952258	8.704127
6.172989	5.447869	2.961501
3.855267	4.770706	12.032199
5.397014	4.579182	10.226196
2.610187	4.268830	0.649314
3.786860	4.099199	11.928530
3.443188	6.726939	2.772576
6.488754	6.410898	9.327592
3.380271	4.384188	0.302539
2.585109	5.438032	10.848330
4.871701	8.268102	4.612330
1.628366	4.992312	5.107417
4.444416	5.583361	12.037736
2.447665	5.930702	3.043601
3.365863	4.263349	0.210834
2.260747	3.949579	10.232862
6.231490	7.211371	8.604737
3.928091	3.603101	0.320184
2.262642	1.710463	9.221530
2.511510	6.154291	7.470949
3.346605	4.699956	0.022550
6.445438	5.105152	6.047037
4.024689	3.795373	11.953862
4.427688	4.776752	0.011544
5.927225	8.723356	5.634486
4.767811	3.553552	10.240680
3.811519	2.876707	10.452604
3.159122	7.028718	7.127158
4.026638	5.186921	12.015400
5.278586	3.558990	9.315497
3.079070	1.667970	2.976721
4.895598	8.333650	4.473254
3.086371	7.241187	3.690474
4.839187	3.716370	10.106415
6.425083	8.085974	6.891994
4.965435	3.538372	2.398891
3.955263	4.671684	-0.011534
2.184459	5.427842	3.914912
4.741239	5.819727	11.773705
3.715880	7.440732	4.054774
6.672960	7.612328	7.518616
3.822328	5.094092	11.957164
5.994031	4.755946	4.277991
2.675865	4.752759	10.937401
3.711169	5.046583	-0.012309
3.773464	5.983895	11.587330
4.431619	5.706215	11.954976
4.269763	5.270182	-0.023354
5.476877	4.607185	10.546738
2.505240	1.912974	3.675786
6.143672	4.762865	7.321913
4.093739	2.751576	3.125471
1.356431	2.815448	5.700806
5.715983	7.696234	9.145943
2.102438	5.256127	9.773111
2.896346	5.723171	10.669047
4.965528	6.185499	0.521242
1.911814	4.647711	3.776289
5.387552	8.354597	5.505353
6.557950	7.189934	6.047704
1.743369	3.973312	5.858564
2.664751	4.388284	1.138071
6.604310	8.114471	5.812918
2.453912	4.530394	1.645521
2.325819	4.070250	10.816625
3.817828	2.373453	9.649805
3.450383	1.996731	6.908744
4.831263	8.506657	5.612061
4.459693	7.703550	3.174362
3.107157	2.408221	1.865717
2.164879	4.348102	9.971254
5.467692	4.075897	4.470047
2.419331	1.503654	4.547663
4.149860	5.145528	12.041126
4.657192	6.943173	10.775453
2.007006	5.050937	2.901604
6.352081	6.555879	8.258261
5.074578	8.057834	2.486365
3.338499	5.022058	0.476339
4.994259	6.423672	0.660362
5.346381	7.258424	1.781103
3.233174	6.555181	3.596719
3.757871	5.001773	-0.035298
2.634088	3.264509	1.224044
4.288569	7.695474	2.729425
2.936444	1.955777	2.745950
3.656431	4.635690	12.118013
5.589049	8.213391	8.996975
3.227716	7.059415	4.759807
6.288334	6.921145	2.844744
3.597825	4.986422	12.029440
3.848606	5.048855	11.915667
4.884933	3.364387	2.839820
3.548821	1.705148	7.883013
4.957487	7.488758	1.301802
4.736066	6.338592	11.645859
5.825843	4.487051	3.368404
2.824224	6.115997	9.266046
6.336045	7.701129	8.122303
5.666853	8.041180	3.153183
4.024451	3.662708	11.025298
4.300276	5.109070	11.917472
2.056860	3.797763	10.462172
4.249254	4.638476	-0.094664
3.531676	4.393133	0.037386
3.216383	3.556506	0.603982
3.668532	4.186180	-0.035926
3.297454	2.530040	1.977616
4.582229	5.263808	11.981526
2.254080	5.212210	9.298986
2.320402	1.766714	8.809780
2.292187	1.583574	3.664282
4.498611	2.609530	8.116263
1.426518	4.294369	6.141446
6.538225	7.713904	5.958991
4.311431	6.127275	0.288967
2.985609	2.011490	2.640916
5.454378	6.200364	10.769327
4.081911	5.861351	11.738102
3.704856	4.376118	12.063660
4.374207	6.697028	0.943634
4.127752	4.036243	0.539623
5.782247	4.714379	8.975405
3.632837	4.926148	-0.020627
4.765622	3.562796	10.744234
5.786777	7.525818	2.018135
5.056175	3.175868	7.371207
5.643304	7.341288	1.737120
2.865024	3.871553	0.670554
6.262819	5.944944	2.613523
4.498443	6.021459	11.704549
4.924968	7.274732	10.905773
3.513517	2.582600	1.454425
3.820019	1.989763	3.008878
5.556859	4.108172	8.288928
3.407373	4.482573	11.750524
1.472132	2.527091	5.174704
3.699130	6.019611	0.362888
6.479113	7.598268	7.752492
4.186652	5.049369	-0.138982
5.741526	7.386482	10.058722
4.117622	4.713633	11.894525
4.850673	7.199638	1.194682
1.427614	3.786551	6.430440
3.166778	4.552927	11.808436
4.625886	5.397897	11.948545
5.961234	4.864126	4.178070
4.214727	4.846165	0.089450
3.989389	5.110292	-0.086905
5.969974	8.148445	7.848347
5.220569	7.681607	1.866225
4.726882	3.217674	6.967834
4.115292	5.275132	-0.084673
3.969372	4.900334	0.199140
3.497372	4.931219	11.893659
1.846649	2.761050	9.255433
5.507252	4.085478	6.491982
2.509022	1.440831	5.995517
3.930763	4.833267	-0.392419
3.962445	5.302710	-0.063529
5.701712	8.483894	5.268518
4.550563	4.626825	11.751666
5.170814	8.195740	3.049923
3.030631	3.804057	11.270539
3.153600	5.189117	0.642205
3.758623	3.328757	11.373778
4.421758	5.631170	0.077202
4.044165	8.033642	6.202208
5.151911	3.435767	4.318073
2.639674	4.956002	1.177940
3.872770	5.464224	-0.048747
6.501985	6.811763	6.000142
3.893202	4.281499	11.885837
3.742951	2.997753	1.290895
4.766760	3.879010	1.444866
5.715958	4.912032	2.293781
5.401665	4.152175	9.973060
2.301117	1.604544	7.923736
2.372127	5.820945	7.097002
2.776469	6.718689	5.582010
1.696012	1.815074	5.626911
3.880299	2.044565	4.948582
3.539900	3.854573	11.696600
3.367864	5.261828	11.863204
2.206317	5.547920	7.591205
3.297820	3.908521	11.627905
3.345444	5.465381	11.400118
2.452636	3.609877	0.877194
5.297800	3.382542	8.394738
5.722344	6.827237	10.524683
4.245377	5.186300	12.083473
1.604540	2.147298	6.211514
1.990295	1.782465	8.442401
3.417839	5.111896	11.702606
4.147340	5.730724	11.692616
6.430573	7.740991	4.630503
1.631133	3.816985	7.922212
6.305514	7.749546	5.661632
3.581833	5.261454	12.072789
4.916943	3.652144	3.123801
4.449067	4.578754	0.652801
4.494817	4.417838	0.125034
3.323318	7.510111	5.064771
3.060040	2.230893	9.581011
3.999582	4.268100	12.065829
6.413910	8.147617	7.230538
5.052413	4.544733	0.691730
6.412402	5.188381	6.587031
1.351302	2.573480	5.872215
5.549222	8.315397	7.408079
5.278710	4.528853	2.164525
1.968630	4.396307	10.065327
5.093862	8.233143	2.814253
4.302485	5.633511	12.045707
2.658447	2.639944	1.475834
2.984765	3.328981	0.715400
4.903580	5.193096	11.728952
2.495145	3.753806	1.019463
6.018781	6.708724	9.517614
6.159434	4.911864	7.956631
4.174499	6.428320	11.102942
3.641738	6.024146	11.157413
2.487989	6.416155	4.656124
6.541464	7.356203	6.269151
5.938798	5.101926	8.356860
6.411352	8.384060	5.544421
4.896706	4.817102	0.313723
3.797400	7.584160	9.231297
2.021026	4.856136	9.576282
3.351998	4.739758	-0.269076
3.486220	3.631504	0.358672
5.260274	7.283111	1.605620
5.377343	6.146709	11.244592
6.583655	5.899636	7.195694
3.839205	4.202959	0.088751
3.782578	2.962759	10.624328
3.366698	3.439526	11.383308
5.889521	5.482417	10.046628
6.150393	7.960367	3.155636
5.942779	4.179798	4.826640
4.483839	5.031764	11.808677
5.891596	6.553398	9.697651
3.572307	7.704129	8.539661
3.899002	5.098603	0.188345
4.008504	5.181348	-0.072211
3.168968	6.022466	10.707877
3.696046	6.881460	1.606473
3.369222	3.196860	1.447709
5.265599	7.550851	1.344301
3.476435	4.238466	11.956025
4.982331	7.430824	9.878508
1.774910	4.543073	4.897431
4.777915	5.431192	11.710258
3.237151	3.595366	0.585335
6.560159	6.745686	4.823821
4.606187	4.881238	0.298422
3.765639	4.876357	-0.368716
4.503912	8.576442	5.377763
5.104736	8.519438	6.381993
3.584602	4.726737	11.909735
5.156586	6.175522	1.032075
2.266451	6.039225	6.306834
2.269253	3.462252	10.762078
3.818332	7.928192	6.875983
3.102147	6.429581	1.946289
4.455838	5.746477	11.724769
6.612479	5.775518	5.632352
6.064072	5.855211	2.572783
6.054001	5.003931	7.386336
2.824465	3.716282	0.558527
1.515021	3.711434	3.488553
5.198293	3.226832	4.010051
5.629119	4.019266	3.607708
4.070411	7.386165	2.941609
5.424367	3.828809	8.376258
1.587272	3.681993	7.439546
3.841710	4.765319	11.871409
5.539862	6.308909	11.282264
6.180438	6.717535	2.610361
3.357169	3.776640	11.706928
3.333018	5.139902	0.493960
3.305282	2.583852	9.934128
3.640184	5.404039	11.929717
1.846699	1.639840	4.628618
4.410998	4.942802	0.372801
3.930553	4.907726	-0.128294
4.605164	5.887281	0.224245
4.459650	5.671422	12.178363
1.238514	3.124316	7.043848
1.637905	4.907149	5.495654
5.741445	4.405042	3.439422
4.786853	4.305201	0.670134
3.709083	4.659766	0.199322
6.879296	6.741387	6.125879
3.962699	5.154920	12.085736
1.945833	1.715672	6.199994
2.756446	4.025386	0.459091
3.374771	3.560162	0.347062
3.096064	6.035798	11.048641
6.749192	7.083489	7.437831
5.289448	5.699105	0.695841
1.434915	3.601069	4.365401
5.744542	6.355978	2.372590
3.851501	4.432362	0.176365
6.275006	5.379463	4.252165
2.460110	1.572101	8.271604
4.182630	3.000156	2.061817
3.618177	4.243093	0.157152
4.509943	8.161896	4.136419
4.413388	7.941838	2.083526
5.086735	8.649965	6.965372
4.366344	4.989912	11.795190
4.013709	5.517544	11.903210
4.177880	5.152140	-0.220231
6.190429	6.485362	9.702921
3.585826	5.253026	0.464553
4.842728	3.867971	1.720525
4.232268	6.852486	1.278397
3.897872	6.713927	1.602513
4.237356	4.103339	0.152549
2.585030	1.739396	5.089406
6.206674	6.546276	3.025370
3.022448	1.415498	4.278588
2.093074	5.898265	8.007199
4.369992	6.744205	0.764279
5.204647	7.985379	2.662228
3.668178	4.276883	0.277436
5.931478	7.658048	9.775852
5.536378	5.369822	10.616686
1.619845	4.597463	3.998682
4.006992	6.364737	11.581540
3.360463	7.176401	6.256068
1.550673	3.204498	8.373412
3.083016	6.506320	9.673460
3.329873	5.380544	0.437272
4.105368	5.040325	0.036946
3.929325	4.958505	11.837332
3.197153	3.461431	0.457160
4.425460	7.555633	2.151400
4.877389	6.766059	1.064817
3.001199	2.511249	10.297751
1.410621	3.137096	6.184397
3.580466	4.638282	-0.011631
3.346910	5.360648	11.338433
5.336134	8.095531	8.924888
1.957461	4.961933	6.077694
4.789481	3.951788	10.038765
6.180938	8.476524	6.817388
3.426279	7.432936	7.711717
3.472726	6.000373	0.674094
2.755011	6.754169	9.176845
3.653430	5.057762	11.908830
1.798569	3.123827	2.696500
1.482480	3.034466	7.962348
3.868056	5.007187	12.165341
3.242176	4.714100	11.778598
2.680417	2.404121	2.324261
3.755510	4.781782	11.999291
3.841480	5.760441	11.501730
2.344595	5.186455	9.408109
2.732744	3.373331	11.047325
3.225500	4.658719	0.497228
3.954182	4.626944	11.926725
3.142087	2.576264	10.340752
5.603053	3.396110	7.860027
3.964280	1.785058	5.201004
3.303788	5.312240	0.282945
4.259812	3.518690	10.448069
1.492169	1.960199	5.947503
4.027329	4.618537	12.002347
2.171689	2.365325	8.983639
5.629727	8.231631	7.861113
3.763166	7.315671	9.185643
6.099658	7.978483	8.124327
5.897186	7.178953	2.147193
3.828353	7.750194	5.761301
4.578141	3.219779	1.775211
4.047091	5.772067	11.878251
4.035044	3.710311	0.327433
2.443905	1.613183	5.020374
4.698404	5.699784	0.055293
4.817019	3.085627	9.077573
1.905004	1.515032	5.769725
4.641884	8.323023	6.577286
2.874964	6.907042	5.536230
1.889167	5.489978	3.582428
4.655545	4.725304	11.695833
1.760718	4.344779	4.055000
3.486124	4.567851	0.353212
5.874994	7.593494	2.804924
2.053667	2.253279	8.783474
4.219940	4.810389	-0.179078
3.586266	1.918164	6.909898
3.952742	7.885561	7.478019
1.462690	2.607941	6.103955
4.567678	4.383617	11.440073
5.266690	4.507630	2.569336
3.385829	2.921755	10.492592
5.589771	3.677829	3.759301
4.463093	5.288805	11.870807
3.270608	7.474710	4.041051
5.145654	6.959208	1.174476
4.129888	3.802202	0.506872
5.766169	8.198581	7.597186
5.830432	5.297879	3.392990
4.287678	3.799876	0.748412
3.212807	1.640166	4.272369
4.024330	2.982369	10.486881
4.027879	6.509545	1.275467
1.746148	2.186979	6.285278
3.357708	6.911078	8.668711
2.231258	5.516219	3.818118
1.352217	3.112936	8.089560
2.264802	2.311990	2.206675
4.751344	5.743231	0.417490
5.101673	5.648774	0.375465
2.890827	2.725110	10.515159
4.832286	5.289500	0.162973
2.980885	3.327515	11.028209
6.470763	7.137375	9.005905
3.108126	4.266457	0.333205
2.044695	4.566391	8.856025
4.615073	5.006724	11.897690
3.779664	4.645720	-0.052890
4.979809	6.590036	0.564572
3.344115	7.459584	4.835235
4.073625	5.062481	11.998483
4.311976	4.965718	11.803597
1.869212	3.060910	2.965359
3.543395	4.876387	11.910179
2.224848	4.051066	1.792886
4.019804	5.019469	0.089719
3.324208	5.263944	11.552273
2.421085	6.424829	5.584667
3.542189	6.627387	9.865906
5.142810	6.889768	0.695445
4.091303	6.963322	1.586597
3.899596	5.050043	11.887639
4.488286	5.345586	0.255402
3.953009	7.747857	7.904375
4.461850	7.301329	10.828683
5.120823	5.557520	11.406813
3.541699	5.629514	11.690894
5.938625	5.365355	2.622829
3.865977	5.143204	0.050424
5.311144	5.224281	11.589491
5.386871	3.717853	9.327227
2.601799	3.818297	0.917185
4.472372	5.093130	12.254244
3.911330	5.050978	0.051688
4.274254	2.561379	5.323165
3.487869	2.364332	2.273751
6.344389	6.570672	5.549622
3.703460	5.163308	0.344970
3.002450	1.859648	2.529500
1.986457	1.925821	8.538447
3.486532	7.356697	4.832932
5.387310	5.405808	0.405762
3.660613	3.824034	0.308328
4.179581	3.486316	11.207302
6.556510	6.824164	7.844160
3.741022	4.456007	11.842047
3.745895	6.032694	11.145896
4.544458	5.924503	11.851161
3.976629	4.903836	-0.053621
5.150055	7.655977	9.676532
5.893213	4.547371	4.709339
6.384270	7.854888	4.696859
2.613903	1.391917	6.361549
4.201330	5.565929	12.107052
3.991326	4.625989	-0.171765
5.721726	5.276200	2.202859
1.742550	3.032602	9.471124
3.662833	4.498025	0.362805
1.559471	3.968661	5.029335
2.607249	5.979069	9.268037
5.221312	8.169324	2.682164
4.016527	4.791899	11.997395
