6.252262	6.553537	2.833192
1.919055	3.011597	1.848702
5.845794	5.426174	9.807025
6.048605	7.618502	2.994288
6.628453	6.133655	5.281411
2.339253	3.807735	1.523887
5.368753	4.788637	10.279430
4.052879	3.836153	0.625005
5.885351	8.450291	4.724354
3.289543	7.135971	5.529406
1.707404	2.052040	7.771422
3.596976	6.363443	11.017174
4.222386	5.709796	11.830299
6.406969	6.639792	5.967256
4.082646	5.065528	-0.033878
4.970390	8.552492	5.349918
4.277867	2.806792	10.121174
6.208883	7.069798	9.451172
2.911001	6.128899	1.742223
5.313114	5.859475	11.238815
2.082991	1.636518	4.534806
4.055615	6.225820	11.467000
3.594751	2.002776	8.697367
3.204834	4.572748	11.566697
1.886691	3.203011	9.654088
6.010118	4.486067	7.692963
3.759186	4.934201	11.898353
4.229069	5.231973	11.901378
3.904701	4.165494	11.679797
4.026114	6.582680	0.745411
2.057533	2.626805	2.721684
4.337621	7.324823	10.182033
2.758162	2.374533	1.829920
6.142644	5.776560	2.356232
3.169398	4.449029	0.292240
4.568287	2.678901	3.565626
2.416019	4.054874	10.861611
5.203491	6.932089	1.143011
4.357000	7.219483	1.653327
2.411897	5.843777	3.083217
4.174046	5.173542	-0.079060
4.306245	8.237715	4.791476
1.596497	3.673054	6.901210
2.251613	2.963183	1.673062
2.434993	5.607072	3.198973
4.241863	5.853830	0.243857
3.758309	4.637809	0.067178
4.730770	5.653169	11.773697
3.925127	5.043912	12.214990
3.682063	4.961387	-0.035776
3.719866	5.542127	0.057163
2.666538	3.034050	10.714527
2.862505	6.254990	10.201402
4.169587	6.129875	0.278885
4.847188	6.163561	0.192164
3.578658	4.516628	11.918625
5.268929	4.677504	10.736810
2.225945	3.838516	10.397534
4.152831	3.992855	0.485725
6.131123	6.089628	2.664308
4.051657	4.765720	11.884610
6.531194	7.599674	3.967135
4.298072	5.172744	11.948230
2.517179	4.750483	10.644881
3.322451	5.500268	0.588735
3.204092	7.014169	8.805284
6.631898	6.025511	6.529926
5.342290	8.365791	3.571686
2.247037	5.551649	4.014742
6.442778	6.119988	8.265186
4.832800	2.781581	7.242362
3.594414	4.426511	0.070696
5.982757	7.904929	2.722530
5.261608	3.302524	4.673386
4.253037	6.064805	11.706030
3.995451	2.112061	7.105204
2.183755	2.568337	9.817354
4.916429	8.491429	6.772171
5.802627	6.795059	1.488670
4.157618	5.185415	12.057491
2.556781	4.545606	0.770390
5.033405	3.956506	10.115422
4.800935	5.118587	11.503174
3.050866	3.992369	11.663763
1.766827	2.784763	9.262559
6.140040	4.656416	7.393910
3.969813	5.915718	11.840664
2.369164	1.285554	5.600686
5.070653	3.019968	7.027317
5.203694	5.213091	1.049255
4.651352	3.649535	1.487943
1.524202	3.155036	8.174856
2.689934	6.344435	3.398091
5.088356	3.440204	3.098710
4.965297	8.577051	5.202874
6.544919	6.442552	7.956470
2.307013	1.575732	7.464580
4.558530	6.397749	11.658764
6.378118	7.974666	6.092539
4.265805	5.757934	0.242875
5.459137	5.056634	10.491432
2.253233	4.520009	1.307869
5.891857	8.624363	5.308949
6.201645	7.125088	9.585790
6.614269	5.756830	5.777467
2.387496	6.139546	4.902147
3.162790	3.185137	11.089700
3.289726	3.342506	11.221384
4.177557	5.067414	11.904344
4.371575	4.067806	11.459306
3.786365	5.653016	11.696260
4.222347	3.493077	11.079032
4.592520	3.754574	10.537375
4.061967	4.259702	11.849441
2.022666	2.688453	2.336254
3.605806	1.695456	7.205706
5.202243	3.131244	5.450136
6.476358	7.490009	7.357794
4.657065	3.119357	8.846517
3.919847	4.783688	11.997478
2.993644	4.260315	11.135133
3.496944	1.817086	8.063526
6.249554	7.513111	3.091093
1.361120	3.148042	5.804628
5.338089	7.753415	2.139591
4.255765	7.490108	9.951326
3.911604	5.040205	11.993232
3.661334	6.847993	1.667991
4.129701	5.013524	11.935937
4.296566	8.101516	6.615407
5.538359	3.601399	3.610183
1.863614	2.105810	8.408468
2.393631	3.355695	1.449766
2.604539	1.389160	6.140492
1.729242	2.711723	8.817884
3.313364	1.863734	8.562692
4.069884	5.022407	12.269170
6.075523	8.519900	6.787981
4.012926	4.924508	11.923647
3.465681	4.892219	11.662829
5.079810	3.364724	9.220268
3.036525	2.608465	10.619212
3.986902	4.156372	11.828034
4.152209	7.347988	10.015197
5.463762	4.451644	10.007982
4.839368	2.773400	6.888572
3.875211	6.609629	11.204918
3.950399	4.849616	-0.020156
4.417091	7.061493	11.014938
5.366326	4.023218	2.181778
3.569165	4.873941	11.948374
1.599830	2.144492	5.108710
3.971703	4.945393	-0.043313
3.484306	4.229450	-0.000031
4.391477	5.462782	0.192519
4.122783	5.381754	0.005713
6.726111	6.341830	5.131016
6.053513	7.746772	8.493102
3.452281	2.809916	1.328897
3.530728	4.053660	0.083829
3.900763	4.992290	-0.123378
5.288091	7.111308	10.566152
4.312264	5.958660	11.897644
2.787261	2.061096	9.491885
5.261239	8.442759	5.275506
4.493196	5.987989	11.713147
4.281676	4.809869	11.812458
3.054385	5.438945	0.938629
5.626162	3.614788	5.007349
3.066238	1.682373	3.754033
1.818912	3.198414	9.248993
1.598773	2.795427	3.470130
6.213671	5.690486	9.377771
5.417706	8.220261	2.934308
2.776705	5.872091	1.454155
5.015624	3.888038	1.318477
5.331245	3.241590	5.699528
1.834626	1.902841	5.519860
5.899877	8.569188	6.330063
6.176060	8.481821	6.904553
4.542736	5.167859	11.740201
5.430697	5.105275	10.927182
5.184123	3.975976	2.191658
1.741796	3.515429	2.396856
1.767062	4.227568	8.397876
4.720877	7.984866	9.397282
4.236786	4.898904	0.021286
4.595695	6.229979	0.419724
5.125735	3.457745	3.650123
3.618244	4.581378	0.165179
1.862260	2.881492	2.401016
6.662381	6.726503	6.524450
5.312053	8.090868	3.052702
4.833196	2.591413	3.918801
4.917418	6.510251	0.770551
6.793230	6.780126	6.503232
3.805313	5.613771	11.675094
5.169415	6.047669	11.291917
5.047113	8.375818	8.241679
3.277540	2.879753	1.000006
3.756285	7.548105	5.055800
4.199036	6.256744	0.415780
4.478383	8.004421	2.927618
2.078408	3.272533	10.313258
1.595395	2.284355	5.444794
2.152798	1.606710	7.745662
2.604330	1.963289	2.558161
5.191327	7.608516	2.024764
3.922670	2.020774	8.814527
5.265917	4.709320	10.390944
3.224374	2.710135	10.562828
4.911515	7.321993	10.658426
5.102750	6.713308	0.660004
3.861857	5.417750	11.796208
5.362346	4.290901	9.909366
5.610367	6.743692	1.289205
3.885683	5.794820	11.900209
3.037182	1.853640	8.507777
5.460264	7.371366	1.680310
2.833689	2.002966	9.899372
4.095200	7.381456	2.284481
1.423124	3.204455	6.933998
5.260716	6.835480	1.058483
5.185616	4.403564	10.282432
5.451803	6.169532	10.710471
6.052085	7.729155	8.268899
3.228427	4.064588	11.674279
4.112937	6.458583	0.734572
4.260875	5.040424	-0.142264
4.831564	4.790326	11.440214
4.770506	5.400342	0.410752
3.724833	4.679906	-0.151020
4.289587	3.954784	11.546926
5.098894	8.528805	8.019579
5.600421	4.023206	7.348174
3.344429	5.413085	11.633313
4.420711	4.607691	0.317252
1.772078	4.754704	6.749568
5.379508	6.539555	1.030778
3.953644	5.716690	11.900526
5.390421	7.152855	10.417787
5.394660	5.218052	10.865022
3.106129	5.380442	11.064521
4.263886	7.634218	9.178159
4.429534	6.365669	11.474371
3.554472	4.802806	0.051788
2.399799	3.750324	1.073082
3.672743	4.130811	0.373687
5.419096	6.051648	11.162539
3.057584	4.307254	11.624661
3.601473	7.062808	1.924404
2.750804	4.136987	0.622187
1.851369	3.171844	8.926668
5.046644	3.351609	9.114604
6.437653	7.035666	7.075023
4.877692	6.234342	0.471542
5.916136	4.566321	6.696485
3.910212	2.451214	9.367744
2.074694	3.943204	9.622522
5.356485	6.451508	11.235002
4.433307	8.171114	6.630773
2.101029	2.466412	9.916993
4.183820	5.493840	-0.115092
3.082625	3.390509	11.329825
5.580408	6.913492	10.545132
3.257951	4.393847	0.314005
5.405233	5.417500	10.938869
3.805874	4.379238	0.085748
2.665712	4.948364	10.363691
1.929575	3.261288	2.879411
3.522477	2.757057	1.488863
5.995299	5.614133	2.426376
3.851272	3.522563	0.712294
1.946267	3.749062	2.159932
1.388914	2.932881	8.282034
3.905964	7.459252	9.055787
2.620395	6.655190	7.237214
2.854362	5.401612	1.305641
1.859889	2.354395	3.983369
6.121360	8.308377	6.638233
5.281454	8.583289	6.798353
4.225680	4.949314	0.001384
4.156202	4.996435	0.012946
2.959932	1.414414	4.843300
4.468151	4.329521	11.619548
3.199200	4.439985	0.253503
1.694479	1.720473	7.804772
4.223978	7.967817	6.659677
3.933121	5.793343	-0.066707
5.212435	6.083670	11.532567
3.183530	3.901897	0.253616
1.932968	3.825834	2.815081
3.514809	7.650894	6.045381
4.864567	7.864528	9.797391
1.278010	2.930429	6.338597
6.252401	8.243052	6.899202
4.969299	6.013644	0.274131
2.742188	4.639974	11.196976
5.245919	7.488490	10.141128
6.006665	8.192440	7.141323
2.978921	1.670996	8.642191
4.505663	7.308434	10.584545
6.386427	7.980841	5.253096
2.048816	2.189647	8.725082
6.224415	4.849284	5.557156
4.237123	7.553809	2.506925
3.856805	5.254303	11.940566
5.354632	7.378695	1.758691
5.067324	3.286678	4.103779
2.153526	4.896661	2.307832
5.315928	7.172026	1.329224
3.229499	6.675395	1.452272
3.890789	5.908079	0.663570
2.049275	3.060506	10.221470
3.693434	1.862978	5.416338
2.152613	2.147965	2.921653
4.229539	4.417655	11.663740
3.616238	5.171664	0.169113
3.367362	5.799827	10.804529
4.014114	5.255486	12.009890
4.252538	5.453080	0.186721
1.538410	3.645662	3.959779
1.945806	5.384776	4.182651
4.843946	7.987318	2.701900
3.539524	7.751903	7.650150
3.827257	3.887267	11.764728
4.584508	6.729315	11.400009
2.682425	4.675253	0.931577
1.288108	2.777912	6.775118
3.243004	4.130168	0.463710
2.508546	3.009411	10.608242
4.311578	4.864949	11.937628
4.283157	4.840057	11.923458
6.479882	8.089542	4.780762
4.150531	5.272246	0.105742
5.114103	8.607550	5.766619
5.182570	8.620347	7.143965
3.318146	6.713884	2.350328
1.939227	2.622314	8.928553
6.724251	6.713397	5.191966
4.292690	2.508578	3.083656
1.382545	3.426814	5.673378
3.420008	2.048354	9.166326
1.772551	3.068216	2.611961
4.040889	5.009122	12.060906
2.324557	5.490800	9.428814
1.602615	2.894903	3.024324
5.090643	5.301773	11.254713
4.269154	4.786279	0.099406
3.209763	7.288454	6.531576
3.937253	4.819995	0.122335
2.979956	5.767423	10.552325
3.734886	4.883393	12.001669
5.016578	5.508686	11.427460
5.669425	6.875434	10.528955
5.880471	5.433030	3.054402
4.770417	6.053968	11.709015
5.564499	8.234962	8.445485
4.953034	4.333357	10.848940
2.537600	3.052591	10.570860
3.906703	5.031019	-0.197082
5.274592	8.471528	7.971755
3.794548	5.815965	11.507657
4.135156	4.992901	11.979640
1.461335	2.211084	4.079976
3.875570	4.688959	-0.181360
1.727507	2.088657	8.095619
1.510179	4.542637	6.081509
3.004741	3.578026	11.454945
3.225354	2.486923	1.636893
3.916283	3.943716	11.756912
2.414382	1.979894	2.562222
4.574604	7.102921	10.761627
5.911647	6.665804	1.813646
5.433396	8.536384	6.896740
3.917028	3.803484	11.355907
5.767432	5.125864	9.168123
5.250174	3.759400	9.261875
3.492586	2.013697	9.335273
2.556440	1.684905	7.437092
3.051945	2.989050	11.057684
1.580133	1.863416	5.474007
3.084353	2.612781	10.751758
4.475990	5.945938	0.316172
5.690542	7.868610	9.235657
4.558618	7.140551	10.936308
1.785985	1.984321	6.954638
4.567375	7.678437	9.767270
4.524372	5.979380	11.588704
5.527050	6.435068	1.023920
5.725703	8.413729	7.993007
5.225095	4.271339	1.617008
5.169597	8.491999	4.947936
4.251525	4.630811	11.970843
6.406257	8.085321	6.816837
4.288296	3.829386	0.719003
4.136882	7.826025	3.525845
2.238006	1.437358	6.581463
2.886206	2.088541	9.420546
6.663864	7.470138	6.346954
4.304849	5.569450	11.809619
1.649174	3.497197	9.123848
6.623537	5.859563	4.676639
3.602995	3.586380	11.529277
2.403145	6.406413	5.114914
4.399453	3.116836	2.258073
4.725119	2.956860	7.246315
3.890882	2.848232	10.150844
4.437821	8.385788	5.033691
4.189550	4.517501	0.120958
4.037562	7.724089	8.969651
4.944492	8.424483	7.685136
3.933694	4.598403	0.005847
4.301837	5.045217	0.041937
3.573538	7.892233	5.837656
3.973580	3.047960	1.408469
3.335300	2.447507	2.023965
4.525905	6.063015	0.374278
3.353663	3.976918	0.267971
6.149905	7.808953	8.280498
2.573789	6.571753	6.908151
6.232595	5.744368	4.205385
5.051582	3.051069	8.043434
6.328756	4.483936	5.759100
5.395432	3.325985	6.674677
6.423073	7.740114	4.709393
6.000142	7.099976	9.547762
4.318955	8.268532	5.519793
3.955627	7.438145	2.590087
3.798983	4.804769	-0.118629
2.175688	5.397890	4.424564
6.173790	5.657466	3.117191
5.249225	3.419723	7.963836
4.323546	6.620203	11.623771
4.185236	3.533726	11.216730
5.278170	3.621314	4.696818
2.802957	5.659056	10.115827
5.087279	6.309130	11.311583
4.062008	4.572294	0.003639
4.142274	7.175957	2.277108
3.333671	5.026516	0.308227
2.002984	1.476115	5.552582
1.640287	1.885651	5.881393
4.154112	5.074597	-0.074961
5.822768	4.528588	3.759348
6.257643	5.213837	4.498556
5.143283	3.819430	3.007864
2.954650	4.578219	0.552459
5.811346	7.332505	10.017600
4.873741	4.498368	11.110326
5.598645	5.250540	1.501247
3.853850	5.930436	0.385846
1.495502	2.056490	6.288499
4.070105	3.685205	1.102345
6.262555	7.893985	4.145100
1.863175	4.236702	8.848201
3.569442	4.573929	11.844008
6.283333	7.168317	8.941556
6.626974	7.660377	5.112221
5.010654	6.238249	11.396093
1.957333	4.673895	2.732635
4.508892	6.695388	0.609537
5.569286	5.006325	10.395937
2.176638	5.436787	4.217167
2.179297	4.117666	2.112026
3.597667	4.834699	11.953241
2.335889	3.671090	10.772208
4.339601	4.517256	11.847494
3.568018	3.034644	1.055038
5.065151	8.345253	7.817660
3.453101	4.074943	0.151143
3.942589	4.961359	11.993039
4.998413	3.063795	6.224010
4.293956	5.934649	0.093646
1.980920	4.365626	9.979608
3.503324	2.808171	10.792621
2.478450	1.705105	4.100351
4.773227	3.310127	2.171071
1.912258	2.821553	10.036240
4.080852	5.320037	0.051910
4.606272	7.267583	10.615105
5.471423	7.370765	1.630887
3.893653	3.813446	0.505476
4.867313	7.890844	9.523317
4.107359	2.686033	9.465567
2.988424	6.940978	7.403724
3.945937	5.013085	0.136854
4.608751	5.515515	0.143570
2.148543	4.825189	2.928723
4.650141	5.662879	0.219344
2.981541	6.999540	3.579912
4.742574	4.284225	11.251236
1.645717	2.441828	3.466340
1.823612	1.675589	7.286866
5.659138	4.068519	4.697131
2.771596	3.792243	11.254420
5.370123	5.696470	11.101867
3.838628	4.609853	0.058153
2.858675	3.633673	11.185918
4.783286	5.866340	0.163918
3.759049	5.378028	11.674984
4.050356	4.909872	12.097288
2.900111	3.867024	11.568989
1.591639	4.511337	4.801043
4.239829	5.672065	12.075759
5.859193	7.861218	9.142746
4.767023	7.707684	9.696388
4.810818	3.142055	7.972546
3.535561	6.439308	0.950706
3.556866	7.542184	5.958675
2.118870	5.506610	2.604646
1.557769	3.974037	8.122497
4.440072	5.358514	11.863669
5.689621	5.853206	1.251641
2.689619	4.227945	0.884726
4.511047	8.560452	5.919139
3.916955	4.357586	11.686461
2.561666	5.383736	10.782199
2.597787	6.489047	5.759412
2.888470	2.046832	8.777243
5.039956	2.842162	7.116709
4.189697	4.810112	11.910413
3.488041	3.997954	0.188675
4.660710	7.771894	9.952213
5.252184	6.500066	0.708135
3.126211	6.786380	7.798684
5.482372	6.443093	1.087611
3.730280	3.535766	11.513207
5.398433	3.562830	7.180101
5.118720	5.945810	11.470055
1.695626	3.759187	8.817322
3.017298	2.883275	10.951333
3.591565	5.230990	11.622819
6.192709	5.592315	3.261016
4.351924	2.252001	5.811708
3.619586	5.061684	11.856475
1.850998	1.775467	4.802095
1.492588	3.386559	6.487536
4.696986	5.324411	11.578788
6.084636	6.362285	2.610076
2.764284	6.510950	7.738434
4.171347	7.875850	3.933034
4.269377	6.278519	0.213006
1.427748	3.139483	5.453334
2.314013	3.931230	1.318030
2.442405	1.410196	6.041343
1.551402	2.096987	6.343985
1.946450	4.678750	2.437261
1.497706	2.732943	7.490112
5.616998	6.293632	0.970030
3.298673	4.664969	0.223605
4.370986	6.363587	0.235831
2.842576	4.951999	11.208664
6.411457	6.054007	3.459564
5.751307	4.329107	5.932719
5.456332	7.972679	9.046860
5.601615	6.720360	10.639870
3.318159	6.471488	10.347235
4.176359	7.637137	2.356648
3.928388	4.890688	12.010798
3.999243	3.880498	11.756822
2.051802	3.326018	9.772491
6.242340	8.045968	7.346993
4.742607	3.470083	2.149714
3.243033	1.508336	4.988277
4.910062	2.758524	5.652821
3.922068	5.456698	0.094397
5.857846	8.419777	7.711445
5.975072	7.335844	2.279156
3.938173	4.956631	-0.143250
3.835022	5.030778	0.146512
1.637745	2.481119	4.890210
3.627118	3.892339	0.205748
2.196067	2.968090	10.441294
3.246766	3.959661	11.780249
4.077569	5.146342	12.063416
6.249910	7.912709	4.759262
5.116312	3.735551	10.220249
5.743475	6.102973	10.533251
3.330805	4.140033	11.950694
2.762528	1.885859	3.158901
3.390908	5.324489	11.585543
4.446040	6.935647	10.973426
2.983754	6.663223	9.016555
4.394142	5.218995	11.905770
6.612511	6.253263	6.488260
2.925032	4.960098	0.706255
2.428342	3.149998	1.199545
3.698764	4.683718	-0.019582
3.723558	4.767078	11.998284
6.546296	6.354869	5.643394
3.387267	4.045647	11.541089
4.723117	7.560834	10.070983
4.309436	7.360117	1.804130
4.668194	4.074397	0.678947
1.481846	2.346309	6.550408
3.067491	6.818971	7.505511
4.104202	2.052027	6.537905
3.429096	2.029049	9.056159
3.215142	6.670028	9.459687
2.110808	4.839125	9.238943
4.374459	5.315933	0.162829
3.396618	4.255010	0.317917
2.117525	5.060394	8.497916
1.802314	2.257817	3.304710
3.880338	5.245588	12.001784
5.883069	6.004178	2.004966
3.438903	3.214682	10.980471
3.959728	6.969312	9.933479
4.396343	4.544651	11.620023
4.985918	4.446693	10.625606
4.697443	2.476492	6.831812
1.693523	4.517221	4.927466
2.995693	1.550366	3.892479
2.494366	1.426848	6.142357
2.552940	6.476848	4.780066
4.474402	3.996520	0.807829
4.129066	7.118271	10.293291
3.531761	2.035724	8.136178
1.713772	4.465852	7.307538
3.130017	7.081004	6.651221
5.336115	8.629392	5.171416
5.723760	6.570435	1.472831
2.199354	4.576998	2.111846
5.673620	8.152166	8.492049
6.040414	7.980021	3.305237
3.175526	3.948115	0.390379
4.994096	5.711266	11.486203
3.941795	4.986749	0.024601
3.232749	2.441096	1.806344
2.476242	1.325023	6.566980
2.616203	5.861252	8.976387
5.357010	5.583981	1.089887
3.545330	7.280176	2.832551
5.798301	6.807321	1.613970
2.623209	6.548346	6.984531
1.583055	3.730918	8.350154
1.423798	2.532735	7.976635
2.056824	3.465074	2.251910
3.728156	5.404306	0.123476
2.890470	2.279002	9.976327
4.801459	3.154425	3.364397
3.811258	2.151167	8.403758
1.638082	2.934932	8.216280
4.544091	5.287434	-0.014161
2.789781	2.049231	2.252330
6.101125	4.636860	5.163208
6.242915	5.951906	3.043899
5.694466	5.925692	1.403690
2.715781	6.096758	2.100811
4.279790	6.012228	0.167582
3.323709	7.244501	3.188572
5.614639	4.551694	2.209932
3.989421	3.625280	0.632959
3.760679	4.446626	11.704815
4.564152	4.281100	0.435768
5.555065	7.041148	1.525396
4.155137	3.375227	10.789838
5.080761	6.023893	0.689379
4.265780	7.255793	1.454048
3.310595	4.155536	11.909239
3.238812	4.957104	11.648883
5.528168	8.492577	5.765447
4.208550	2.209599	6.496038
3.129088	3.320920	11.288032
5.388049	7.023750	10.645116
4.980107	4.330915	0.864584
2.881573	1.291985	5.976300
3.340697	7.575025	5.975243
3.677989	4.063114	0.395061
1.266513	3.340719	5.233242
3.712540	5.863283	0.529139
2.763504	5.887716	9.989079
4.112852	6.117873	11.539902
1.913960	2.116888	5.060132
4.018390	5.817346	0.177711
6.115602	8.182747	4.996668
3.634662	2.243778	8.375405
4.892906	6.556900	0.428094
1.499273	2.437903	4.007894
5.435395	6.704773	10.791963
5.012467	5.496714	0.521944
2.961045	3.698769	11.314469
1.848600	1.751168	7.421186
4.746120	2.580434	5.329410
3.198655	6.061595	0.929916
5.982830	5.008485	3.856598
4.128324	4.175742	11.722650
2.068697	2.564779	2.629691
3.455417	4.557754	11.867755
3.644696	4.809891	-0.008016
4.964155	8.194311	8.602766
3.344378	7.469679	5.085561
2.232044	2.873280	9.993435
1.957571	1.975698	3.754820
3.261302	6.804458	2.822985
3.972488	2.682500	2.092005
4.462396	7.264333	10.675192
2.892595	1.976171	8.941768
3.032912	2.204802	9.624794
4.080538	4.445510	0.181222
2.532501	3.902075	11.024022
6.326901	5.674410	3.181679
5.705127	3.968900	7.090789
6.406554	6.523937	8.661324
2.436219	2.016428	2.909020
1.863000	3.641988	8.911998
3.762271	7.592669	4.058429
5.247340	5.722787	0.583767
3.119517	1.730402	6.065610
3.479890	6.211362	10.860514
5.738879	3.847337	6.095547
4.985455	3.747118	1.752938
2.025659	4.196978	2.710724
1.453393	2.567730	4.683345
2.568276	1.308091	7.044323
4.678964	5.716325	11.621878
6.093372	8.546812	6.407357
1.602499	5.154834	5.683210
2.989382	6.598240	2.501744
4.892818	3.941397	1.350997
3.770737	4.750928	0.042639
2.325860	1.921957	9.163519
1.891251	1.782136	7.385325
4.919987	5.339888	0.271418
4.870348	4.920197	11.455881
5.257120	3.874842	3.041631
5.804196	8.359926	7.425222
6.014955	7.321516	9.462591
4.334476	6.047457	11.786745
4.707450	6.819236	0.933472
4.627582	7.149055	10.617224
3.354691	6.267523	1.306445
3.944518	5.226720	0.001918
6.260155	7.098925	2.940661
5.982516	4.417136	6.117052
5.553540	3.682141	5.403912
5.075217	8.568953	6.905238
6.225869	6.988614	2.642148
5.148477	8.163130	3.188079
3.878241	1.970076	5.426870
2.878269	2.903178	10.953389
4.229227	2.569397	8.948063
1.629243	3.235548	3.130620
5.136737	3.352096	4.404699
5.467560	6.374842	1.070758
3.850932	4.592343	11.758058
5.009569	8.436642	3.766997
4.073961	7.478224	2.729244
2.648972	6.381353	8.265646
3.942852	2.197430	7.823427
3.849390	4.861808	0.034209
4.927281	5.803131	0.277933
1.752757	1.852594	5.124806
3.943638	5.889480	11.909795
5.610204	5.827000	1.728044
1.756898	3.229180	2.656015
1.571834	2.872151	8.264943
3.287193	4.543466	0.056364
4.123666	5.034893	0.031873
5.554839	3.745032	4.559244
4.972625	8.387123	6.527555
4.370334	2.852010	9.785551
4.803792	7.093587	1.277328
3.081163	3.419207	11.365136
4.073446	5.143829	-0.002416
4.839486	3.283212	9.443609
4.703331	5.781292	11.953135
2.124528	6.070147	5.086566
2.000520	5.281853	8.331446
3.927211	2.060771	8.290603
4.040437	8.172055	6.214389
5.224817	3.441682	8.083637
5.355412	3.411701	6.865862
2.623996	6.092366	4.048991
3.335858	5.371128	11.570094
6.161805	7.215073	3.192299
1.589966	3.912630	4.082728
2.753799	2.015424	9.296604
5.724945	8.606171	5.006229
4.467249	7.279704	10.564211
1.485073	3.778057	6.284522
1.762076	3.162568	9.409949
4.226374	6.641293	11.150478
2.577936	6.132684	9.336485
5.309714	5.347848	11.072594
4.581723	7.278577	1.611810
2.599417	1.616554	8.122487
4.151969	5.142590	-0.138408
3.382785	1.923484	8.323452
1.895494	5.086802	7.476989
2.384828	4.123759	1.303794
4.007550	3.606394	0.797901
1.947589	1.770597	7.856104
3.730592	3.350866	11.177481
5.818039	8.228958	4.350320
6.768439	6.825824	4.025375
4.822339	5.161595	11.683096
3.444221	5.335177	11.793035
2.051702	1.293015	5.998465
3.088801	7.270447	8.023703
2.906226	6.411964	2.527759
2.026776	5.121008	2.802438
3.586110	4.987789	12.094920
3.050983	6.883714	7.511553
1.627802	3.077431	7.808120
5.280202	6.810951	1.089892
3.539745	4.635216	11.811793
2.228190	1.803170	3.441976
5.048179	7.853706	9.778416
4.780548	7.207793	1.539691
6.470094	6.397347	3.738784
3.390781	3.500515	11.208547
4.263445	5.448811	-0.078706
3.602178	3.320711	11.060049
6.035603	4.067703	6.253728
5.506908	8.220455	8.219348
2.673323	6.013748	1.889862
4.222951	4.115613	0.624141
4.411865	4.993593	11.786707
1.597957	4.123991	6.363958
2.425423	6.048123	3.609794
2.529530	6.166567	7.936739
2.669281	5.795968	1.811106
4.239732	8.179980	7.157010
1.431128	2.281424	7.443727
3.799876	5.569701	0.259469
2.862006	2.117157	9.491878
5.307424	7.522101	1.932422
5.309879	8.689144	5.377116
3.602280	2.339885	9.698382
6.213215	6.079540	9.321954
2.645374	4.600949	1.267064
5.025198	7.844870	9.530229
5.422857	8.538153	5.761969
6.320461	8.438853	6.394678
4.108097	5.206119	-0.140885
3.983966	5.227200	-0.065531
3.634820	2.147556	9.036229
1.906154	1.888789	4.023891
3.664954	7.012922	10.101189
5.371881	7.576283	10.059544
2.004427	1.531898	7.178780
3.826022	4.733304	12.056807
3.914404	4.527705	12.033009
6.346212	4.947154	6.009242
1.951550	3.550798	9.754765
6.095568	7.152715	3.130806
3.727668	4.982316	0.086117
3.000568	2.690480	1.600958
2.278296	2.345536	2.360666
1.599770	3.543459	3.371572
5.304869	7.540070	10.238488
4.069922	2.005555	6.682757
5.381119	5.198966	10.886883
4.038945	4.928296	12.005789
2.689886	2.436002	10.415071
4.948122	8.245676	4.062869
3.122396	4.934621	11.675357
6.203153	5.907118	8.772309
4.058275	3.637963	0.861488
1.448668	2.255094	5.619165
2.580941	1.786000	7.938062
1.779865	3.828282	9.058002
4.280048	6.336040	11.363879
1.623060	2.730378	8.394240
3.947181	5.154724	0.075340
4.049550	2.899532	10.297568
3.630008	4.975725	0.256766
4.805671	4.509368	11.363275
2.171118	5.875589	6.813826
6.152505	6.852653	9.748607
4.351724	3.908437	11.261608
2.100413	4.654572	2.021632
2.576540	5.059605	2.376000
2.479691	2.483067	10.137281
3.181502	5.217576	0.365400
1.747099	4.696980	6.579342
6.211107	5.507856	5.065331
3.333786	6.630010	10.017056
1.830580	3.754639	9.375729
4.338334	8.062097	3.276440
3.296583	4.675793	11.709911
4.144508	4.163820	11.737055
4.851800	8.148026	3.292903
4.145741	4.544673	11.863832
6.653385	6.953435	7.124273
4.193440	7.884731	4.912032
3.050841	6.972551	4.067775
4.015119	5.111944	-0.067625
1.632972	4.250707	8.291948
4.865367	4.848388	0.521741
5.993662	7.294330	9.598806
3.975608	4.863822	0.015435
4.491091	2.705685	4.918619
3.126306	7.171098	6.543885
5.378649	7.968704	2.540603
3.946866	2.071555	3.617900
3.961084	5.654377	-0.003113
3.983620	4.976382	11.950826
4.663006	4.900639	0.268108
4.495253	7.367675	10.410199
3.273958	6.713347	9.854643
1.861965	1.596806	5.734382
3.324011	7.090140	9.067982
3.865615	2.154947	2.730643
2.765807	5.419291	10.385390
4.655600	8.372574	5.933506
2.449936	2.264510	9.830401
6.724112	7.065212	6.529488
2.627014	2.425375	2.119977
4.093187	4.559289	0.096334
5.883198	7.824725	2.530276
5.430356	4.100265	3.366248
3.533072	3.584589	0.550002
6.282595	5.411062	4.975431
3.898944	8.189618	4.818523
4.271947	5.089757	11.977500
2.313811	2.007051	2.907791
4.810948	2.931818	4.037258
5.320363	3.675829	3.171987
4.660490	6.052842	11.831215
5.628155	7.266477	10.419116
4.635208	6.115251	0.362327
4.148093	2.077311	3.948514
2.772454	1.447491	4.394022
6.065498	6.242699	9.761550
1.700883	3.119616	3.182793
2.285958	6.354587	8.291050
6.249620	5.053327	6.643239
3.845096	4.440217	11.801515
5.088224	8.286398	3.311135
4.879083	7.914679	2.146921
5.494579	5.395381	10.421263
5.860782	6.817034	1.711928
2.996665	6.173426	10.360027
5.496774	8.444634	7.003190
2.751412	6.365559	7.668022
1.913711	2.675785	9.489957
5.992416	7.855232	9.007318
4.178649	2.684054	9.615004
4.754133	2.912720	4.038180
5.021560	6.622825	11.324552
4.644841	8.188274	7.970338
4.134843	4.747896	11.908280
3.156751	1.925827	3.153534
3.563871	6.942670	1.821617
3.314863	1.867754	8.733319
3.294156	4.926158	-0.009794
2.661347	2.901352	10.717415
1.617940	3.946711	7.103158
5.475848	5.190314	10.875435
3.811063	5.445975	12.047539
1.537039	3.943858	5.372467
3.782274	4.897715	0.096477
3.642623	3.186508	10.955878
2.734059	5.617180	1.621277
2.539528	4.918628	10.935306
4.913464	3.873378	1.521234
2.227540	4.785680	2.318793
4.163499	5.171010	11.920221
5.666136	5.392393	1.866473
4.729464	7.052519	1.073189
2.593856	3.072289	10.657928
3.165605	5.592937	0.957511
6.394107	5.684279	7.893824
5.232485	7.830624	2.556152
2.614962	4.346582	11.308211
3.925645	4.878154	0.081410
6.224957	7.860181	3.453002
4.697286	8.283978	2.995091
3.923750	4.890020	0.123555
4.378764	7.934638	8.468958
4.291910	4.105586	0.189601
5.636467	8.626499	6.245405
4.478090	4.799403	11.693460
3.096431	1.905606	2.803266
2.987447	1.613817	4.982031
3.895917	7.598597	7.194963
4.253514	4.970881	0.026266
5.238752	5.552883	0.784542
1.999071	3.332668	2.045957
3.860539	6.012739	0.664695
6.413851	7.796312	6.824986
3.996546	2.198611	8.533406
6.344961	6.373696	7.794108
4.096902	4.410659	11.819723
3.736475	6.887834	1.966951
2.272857	6.082641	7.770685
4.539920	5.245714	0.008636
1.402863	2.828693	5.808008
4.357332	5.461614	0.043657
3.582759	2.397379	2.497185
5.599236	3.997548	7.973304
3.124767	4.972318	11.542329
6.325153	8.131893	7.640218
3.265333	3.592440	11.544501
4.678831	6.819448	0.475950
4.093875	5.027967	-0.053276
3.630067	6.749394	1.603047
