3.012167	1.635544	2.990988
4.882945	6.699780	0.936786
3.868729	3.948826	11.547988
6.786468	7.444779	5.676838
2.186116	2.764210	2.021216
5.104254	8.824188	8.290425
2.593996	2.227158	8.868269
2.349811	4.683884	8.039487
4.287637	4.043760	0.051018
4.343816	4.790481	0.269352
3.770276	3.929771	-0.014902
3.843220	7.494696	2.418244
5.832377	8.220131	5.368617
3.437226	4.896350	0.072755
3.851474	7.638240	8.167247
2.983942	5.975543	8.862678
3.839365	5.210393	-0.305735
4.248938	7.406404	1.927949
1.765326	1.469099	4.995182
2.482736	3.825502	11.560836
3.621361	4.009488	-0.153654
5.127445	6.727918	11.429876
4.288417	5.385978	-0.017905
5.597779	5.270341	10.588270
5.120974	7.594520	10.020710
2.483615	3.903715	1.107425
6.590282	7.232644	3.552270
6.041919	5.117525	9.716807
3.742908	1.699182	4.604541
4.613822	3.199963	9.218168
5.092752	6.217208	0.530624
1.631757	3.475395	8.015450
5.003342	6.460126	0.579395
2.539869	3.385150	0.971626
5.883663	6.466798	9.191943
5.407707	6.172906	0.928266
1.256215	3.295133	4.140886
4.046275	6.326244	0.810518
3.616743	7.687657	6.514731
6.467373	5.831601	9.379825
3.736179	4.725482	12.151864
4.937362	5.369188	11.011102
1.889539	2.016280	4.132411
2.837545	6.909225	7.779703
3.413171	6.725575	0.548275
2.214328	4.332500	11.042239
5.818125	7.547615	2.175758
5.958519	8.553038	6.333317
3.584924	5.652032	0.681192
3.497188	6.990296	1.865579
4.578390	5.500210	11.797533
2.940660	5.323504	10.142192
3.213539	4.812130	0.093834
1.449673	3.575743	6.071754
4.097491	4.737919	12.410750
6.398436	7.727956	7.821594
5.079678	8.724699	8.933434
2.237459	1.924647	8.430552
4.442338	5.670571	-0.118455
4.122608	5.117105	12.163009
6.261453	7.896125	3.717845
4.139018	4.948330	0.117168
4.097241	5.186895	-0.397420
4.326627	5.442480	-0.080824
5.662154	8.150278	9.432320
3.317848	5.354071	0.488362
4.449912	2.610206	8.222753
2.460328	5.388786	3.180458
4.407018	5.708230	11.864252
4.809628	5.540230	11.932664
2.387309	4.811833	10.600565
5.580130	6.996425	10.393534
1.604857	2.435562	4.936152
3.428690	5.770021	-0.216318
4.267595	5.922275	11.338768
2.275536	2.368684	2.330519
4.222333	3.513626	10.761631
5.465605	4.191356	4.322102
3.823180	3.151311	1.152593
3.142653	4.729215	11.684890
5.635694	3.567512	2.624125
5.350817	7.194575	10.268023
2.999758	3.475054	11.223464
2.427793	1.635967	4.303873
1.634284	2.874432	4.003108
4.176767	8.172593	4.179656
5.989566	4.074513	6.917578
4.770049	8.129167	7.187969
4.415006	4.571151	11.792338
4.565203	4.183334	0.749433
5.184886	3.970018	1.610005
3.467206	2.215322	2.543096
4.376317	6.557611	1.021375
2.659628	3.676256	0.793392
3.707501	7.305714	10.176310
1.708387	2.833186	2.874657
1.515199	3.367184	3.583313
1.789419	4.752734	4.374694
5.119535	5.474630	0.795537
4.802939	6.922694	0.822309
5.390592	8.382823	7.717653
4.869587	2.644516	7.072534
5.648117	3.293435	5.235201
3.765290	2.728437	10.218505
2.859895	6.165407	4.744964
2.424887	4.213719	10.340900
2.940444	6.364390	9.439430
6.682519	7.921768	5.047722
3.595165	2.728297	9.599467
1.633372	2.536731	7.019013
5.188821	5.648933	0.997272
4.488259	5.224432	11.993936
6.100109	6.371773	3.186417
3.653153	7.222910	1.139764
3.819252	4.137427	11.775538
3.212750	5.585505	1.931860
4.735997	4.340572	11.795500
5.212829	6.926841	11.250141
5.641000	9.020678	6.872522
4.509614	7.606324	2.082074
3.829499	3.524705	11.119607
2.375315	1.475653	7.357503
3.934019	6.250685	11.447882
4.402464	3.809434	11.851125
2.675746	4.477901	0.340566
3.682285	2.882106	2.400139
2.496030	6.244131	2.584217
5.650324	7.055710	9.611283
4.983077	5.362667	0.417411
3.920078	6.208764	0.233721
1.480567	3.909385	7.153291
3.005371	4.896487	0.529046
4.191422	2.917852	10.055533
4.609031	6.263756	0.391011
4.269933	8.093911	5.148957
3.583242	2.611167	2.580864
4.445328	7.416592	9.872933
3.981039	2.318273	10.409340
5.243316	4.567957	11.729214
2.476319	2.179624	8.997342
2.440645	4.692832	1.221088
3.902785	4.959568	0.075093
3.675698	5.184112	12.008869
3.934419	7.181358	1.906948
4.280367	4.658155	11.554151
3.092068	7.030694	5.692025
2.844060	4.859660	0.365928
4.032417	2.129591	6.511303
3.879200	7.892922	7.539740
1.898074	1.927077	9.455680
4.175929	4.821693	0.459765
2.131321	3.584625	1.764561
5.149925	7.774721	10.740070
5.595848	6.493107	1.346356
5.683850	5.196405	1.782788
3.998986	4.637068	12.062477
5.338350	6.715566	1.087046
4.202203	4.871461	11.977850
4.334172	7.796660	1.879605
4.421674	2.047266	7.116343
6.030795	5.337835	8.529022
3.672810	4.739073	-0.081227
1.867726	4.764586	2.097240
3.635226	3.073581	1.881171
5.576592	8.685105	6.399412
3.532964	4.362210	0.151483
3.561379	6.675874	9.981983
5.353733	5.923883	10.981782
3.738829	6.872025	9.159461
5.036405	4.801123	1.239593
3.096554	6.018372	1.819186
4.026296	4.474729	11.717943
4.654028	7.767206	1.863997
3.580118	7.251439	1.984656
3.768859	5.774003	11.793447
3.325037	4.924311	11.394444
5.321836	9.078050	6.957214
3.281363	4.524918	11.672042
3.840343	4.944687	12.325042
3.979400	4.207336	0.290497
3.330418	3.009526	11.365999
3.035140	7.098499	7.937537
4.974983	2.885425	10.875866
4.610618	8.341693	3.609606
5.269501	5.062517	10.452022
2.588114	5.473723	2.405436
4.812701	7.055925	10.744495
4.199246	5.144022	0.143053
6.881882	5.560429	4.388126
2.275916	5.065770	10.668607
3.088579	5.092692	0.322853
4.880192	4.389654	0.544828
3.982870	5.209311	-0.108452
3.800560	4.922830	-0.235510
4.246334	5.015078	-0.106739
3.000694	1.989510	9.045921
1.187771	2.006846	5.758640
3.348547	5.267235	0.900844
4.701999	3.237504	10.032377
3.725986	3.838935	12.032597
5.646999	4.121706	9.630651
4.959385	7.066065	10.786112
4.051119	5.073055	11.764364
2.331180	4.770171	3.397405
3.371680	2.030384	5.249292
5.522149	7.912203	9.678101
3.485745	7.206852	8.792064
2.213280	2.163466	2.321408
2.566831	4.129734	1.970391
5.505864	6.881223	1.291642
4.365845	7.215590	10.771897
3.231687	4.582766	11.554840
5.391698	3.450577	4.510359
2.557815	2.136493	2.877723
3.696519	5.124802	12.136672
4.623392	3.977999	0.963263
1.744049	4.715955	6.290369
1.929019	1.930622	5.200758
4.333102	4.229058	11.445095
4.565469	6.917359	0.507255
3.952539	4.612016	12.358366
5.275547	3.379994	7.043563
1.234767	3.716262	7.603354
2.611500	2.552431	8.811241
4.201588	5.039622	-0.185005
5.763596	5.436725	0.544429
6.533762	8.018892	5.710077
4.252344	4.064788	11.332029
2.270332	4.082512	1.767722
4.152267	5.151896	-0.180041
3.871348	4.559649	12.447409
2.733494	5.198541	2.802377
3.280351	5.845024	10.862394
3.831330	4.691837	-0.047775
1.697446	5.394843	3.985186
4.117587	4.974001	12.001001
4.894639	8.396712	4.344160
2.957146	2.143106	2.604597
4.508701	8.281389	7.053013
2.668305	4.235319	10.477626
1.993452	5.427045	7.083756
4.687232	2.610360	7.090057
4.152827	4.119626	0.188614
4.191488	5.134547	11.534057
3.417295	3.549172	0.771616
2.331113	1.159065	4.799681
5.593065	6.530531	10.724545
3.379381	6.208331	2.191839
6.368228	5.462660	5.572054
6.176758	6.120771	4.604257
5.483522	8.758781	6.974257
3.492318	5.340121	11.866291
5.861273	5.462342	10.378148
2.960143	5.112379	0.549474
3.531879	5.809028	-0.001686
4.947856	5.859723	-0.062675
6.261023	8.545300	7.229264
4.142379	2.649909	9.137067
4.000061	8.447538	6.463724
1.696722	2.153859	6.289602
2.063714	2.032236	2.921960
3.703546	3.374103	0.706275
4.836184	5.868403	11.779911
3.911069	5.656637	0.209362
4.654658	3.234540	9.695762
2.869650	4.928127	0.248220
3.303874	4.586348	11.753892
5.220866	5.348603	11.078237
3.917347	8.134919	4.346359
2.944085	5.710703	1.738059
4.924867	5.461380	11.189800
5.779364	5.030525	8.840717
3.545787	4.072913	11.840689
4.038230	3.860280	0.645727
2.919389	6.871327	8.000442
4.901029	8.375093	7.640977
2.115660	1.856087	3.265990
4.742531	5.418782	12.102827
1.797016	3.603603	1.927849
3.459237	6.202974	11.678572
4.237474	5.123756	0.252503
2.801843	6.326798	4.383628
4.238693	7.694545	2.630027
4.196154	5.979202	0.442721
3.971029	5.510095	0.039139
3.012631	2.717271	1.473279
4.559411	5.129664	12.400123
2.814890	1.371630	7.906681
3.652478	3.244720	0.575613
3.662018	3.732542	0.355131
5.281243	8.111376	4.486297
2.957230	4.909842	1.207858
4.325915	4.094963	0.310215
3.622947	1.857919	6.854993
2.033071	1.761539	6.103178
2.991894	3.265497	12.104494
4.143426	6.035905	0.623055
5.989068	8.813720	5.853637
3.395080	1.955087	5.641829
3.344685	3.872972	0.614710
1.796379	4.893365	8.414977
1.656102	1.577879	6.304353
4.566625	3.574331	10.550242
4.529266	2.523142	2.800383
5.413990	4.559880	3.571530
5.879652	8.059295	8.639034
3.896064	5.128242	12.064220
5.776855	3.868991	7.761678
3.537896	7.068304	10.404534
6.491668	7.470552	4.234521
3.633698	7.560748	4.255477
3.444421	7.612326	4.479977
1.510913	2.702364	5.298362
2.168556	3.935954	10.786830
6.165773	6.547524	4.473207
4.696995	8.047905	5.817268
2.341122	2.190427	9.497458
1.226100	3.017348	7.648695
1.984461	1.051215	5.626192
4.774207	2.872291	2.568890
4.916025	6.522066	11.638537
4.342601	4.605210	0.351113
5.555776	3.935481	2.983699
1.724581	4.292079	8.590834
6.215573	5.436086	8.588136
6.769749	7.871680	4.701391
5.437925	8.698276	7.795815
6.682713	6.389290	6.027285
3.787431	6.121107	11.625513
3.011228	7.663429	2.649041
4.481186	4.793222	11.364066
3.702550	4.528241	0.245314
5.965200	6.235597	2.793002
3.194185	2.780406	1.454862
3.231085	5.486297	0.247012
2.312512	1.504076	3.467900
2.693474	6.573998	8.889228
4.799575	8.028716	7.912380
3.701836	7.897690	3.972853
2.859302	5.315588	1.096625
2.627299	2.613260	1.430404
4.218541	5.291927	-0.232109
5.315927	5.026611	1.454673
2.066470	5.046092	8.521834
5.987093	5.677748	1.810265
6.988187	6.681200	5.349613
3.532391	8.115775	2.830718
3.168225	3.497985	11.266969
6.931488	7.229342	6.447497
4.127748	5.465960	-0.100492
4.436633	7.599173	2.651462
2.789248	7.362884	4.347351
5.463108	6.039556	11.102432
3.879374	3.288648	11.457962
3.753154	4.794037	12.017879
4.535217	8.605863	6.613592
5.870307	5.447744	9.764520
5.736146	6.885997	2.005530
4.167855	4.165870	11.993590
5.265818	5.689976	11.572425
2.828398	1.851426	3.672740
3.528217	6.711833	0.809783
1.679048	4.013034	8.533904
5.001853	8.313628	6.020929
5.562877	5.585354	2.157920
3.083545	6.836464	2.487663
5.071226	5.539833	0.066419
4.570786	7.686084	1.678453
4.563298	4.245820	0.917198
1.439667	3.722712	3.889089
3.787324	1.412135	4.587227
5.064003	3.629221	3.282851
5.242076	7.358341	11.040995
4.946432	6.687089	0.849581
5.762399	6.069706	2.464367
4.760434	7.547785	9.819830
3.737973	3.182758	0.738131
2.940931	6.086206	10.716961
1.676230	5.649233	5.820112
2.535267	1.427972	6.038861
5.247341	5.869673	11.404850
4.055326	4.961598	11.872408
4.217592	2.821332	9.945612
2.438285	4.792178	10.419870
4.014123	3.026199	10.420493
4.415693	5.258729	12.078369
2.340145	2.732606	0.964235
2.185015	5.924044	7.878241
5.757215	5.560703	9.650463
3.188595	6.854966	8.140498
2.128410	5.680147	2.597599
6.557565	7.769549	7.790350
3.310513	1.556961	4.782948
2.341392	1.141745	5.654850
1.828901	3.894549	8.578494
3.829945	5.409053	0.610064
4.397056	3.215982	9.818823
1.633342	2.954128	5.397367
4.166573	6.084841	11.644849
3.559696	2.168211	5.014194
1.663040	3.090159	6.729975
4.078620	4.970044	0.342285
1.149491	4.399876	7.918079
3.741208	3.168394	0.599145
5.829899	7.424907	2.351645
3.406697	2.714530	10.142030
4.094681	4.758557	12.075572
1.949552	2.095906	8.737307
2.834745	3.060808	10.556639
5.355556	7.406335	10.079376
2.985912	7.222832	7.557114
3.717170	4.825871	12.072712
3.798444	5.607295	11.402061
2.042305	2.357701	9.189737
7.225978	5.711826	7.810759
5.741131	7.181910	9.932755
3.968788	2.785780	1.354614
5.513964	4.753651	10.426228
2.677547	2.784547	10.836002
5.767873	7.307547	9.450137
5.464156	5.434302	10.639748
1.687991	4.944429	7.033454
2.839364	2.753584	1.557262
4.154134	8.015816	2.911388
3.047231	6.499317	10.068512
3.552415	3.042344	1.155333
2.622610	3.562523	1.935846
1.990182	4.640639	4.690098
5.223915	3.093616	3.158802
2.998606	7.102699	6.785984
6.076820	8.328697	4.753661
4.261969	6.093049	12.101543
3.927988	5.074136	11.961180
3.122799	3.664753	11.188402
3.364475	2.762608	10.940826
1.881390	2.315330	3.789964
2.505370	2.453659	1.760365
3.264199	4.590110	11.438906
2.696359	3.018938	1.271846
2.399392	4.313781	10.570631
1.732301	4.056255	3.072862
5.910012	4.378370	8.988477
2.599735	4.832579	1.886041
3.584342	1.756892	6.486783
3.510323	4.445740	11.773904
3.733093	5.643789	-0.369118
4.006915	5.461791	-0.354150
3.427664	5.115225	11.613154
5.779548	8.049878	3.242025
6.450388	5.316222	3.890144
6.078599	4.990193	4.156868
2.502181	5.729036	9.041530
6.472928	7.917317	5.578474
3.276125	4.096511	-0.112011
3.012950	3.527345	11.204885
2.280434	5.422573	5.108440
4.388465	8.029296	3.406433
3.440495	5.285852	12.052532
3.131181	5.288803	10.111996
2.097421	4.438160	2.356943
4.732803	5.891893	12.145242
3.682870	3.426345	0.491243
5.970172	4.659336	9.828926
5.440605	7.451855	9.998468
4.170619	5.129995	11.953359
2.419916	4.198808	3.503764
2.862807	1.485432	5.339244
5.084181	7.986685	2.195149
3.846967	2.194790	2.927419
4.027327	5.038588	12.325315
3.838371	4.872319	0.018796
1.601468	2.356675	3.559063
6.132853	4.507911	3.989021
5.743522	8.709297	7.339501
2.125272	2.053953	7.838105
6.509342	8.748863	6.795818
3.709281	2.765697	1.792341
4.789949	5.819373	11.539183
2.781985	2.075237	3.038080
2.719702	2.297787	9.952399
6.533988	6.956306	8.254000
3.448745	2.262926	2.706595
4.449620	6.774880	11.620544
3.785751	5.208170	11.922523
2.441712	5.014950	3.065188
6.353900	7.370305	8.686065
6.367525	6.350789	9.540189
1.417946	2.402724	4.259884
5.736312	8.653145	8.330254
6.199094	5.555350	8.594485
5.693719	6.780619	10.848864
2.539579	4.489974	0.591234
4.224484	5.458658	11.764923
3.589134	7.287515	3.453120
3.503173	2.275463	9.609369
3.624732	2.096839	6.050891
5.260226	4.254899	1.884304
1.478842	2.936686	7.548084
3.803620	5.546621	11.547183
4.965057	3.796787	10.045432
3.544951	3.537318	11.178306
3.399035	7.392767	7.816078
5.071457	7.426855	10.436591
4.081240	3.141421	10.070423
2.921940	4.155705	0.932340
6.250788	7.067983	8.359030
4.879502	6.420308	0.611040
2.884025	3.490705	0.294401
4.597271	5.394856	12.090281
3.683557	6.505702	10.344398
4.425926	4.243336	-0.010744
3.526263	2.696087	1.444025
2.042823	4.420426	8.671466
5.926077	4.096541	6.666260
6.160571	7.447692	3.652393
1.969887	5.925153	7.530016
3.023865	4.089726	0.071833
6.363708	6.365367	8.475783
4.111406	2.973626	9.885825
1.159897	2.068293	5.997130
1.421128	2.822796	7.768824
6.630525	7.683271	8.338029
2.362275	5.859062	7.477188
4.511951	8.977987	7.705576
2.547809	5.627231	9.373398
2.668359	5.020822	10.908266
7.180352	6.371720	7.199670
2.598979	4.364877	10.582758
5.312074	6.835109	0.463442
4.245157	6.906345	1.175576
5.262212	8.240780	8.451290
3.470004	4.575720	-0.119307
4.914328	2.931990	3.227125
3.058283	6.858402	3.722151
3.577242	5.624273	0.349386
4.611875	7.626721	2.972470
4.424787	4.822604	-0.282031
5.444046	3.265668	8.130438
3.766019	2.058134	9.559973
4.930523	4.497720	1.406229
4.811745	7.329167	10.247528
4.893542	6.154659	11.989232
2.496955	4.180019	2.445577
2.943154	4.603938	11.365530
1.605110	4.158131	3.422285
3.837868	7.921961	4.514832
6.531470	6.701765	6.304071
5.738081	8.074580	3.349916
4.609089	2.914030	6.060096
2.855304	3.901291	0.562415
3.550585	4.365220	11.967350
2.490902	4.687725	9.559032
4.647303	3.900210	2.229873
4.878502	2.901358	3.993904
3.363339	3.763311	11.375606
4.078334	7.721279	2.121380
4.981896	6.625223	1.201030
4.767081	8.533977	5.505868
3.886217	5.036947	-0.176010
5.627543	8.008025	8.820884
4.065995	3.496636	11.327229
3.885102	4.301812	0.026857
5.394474	3.765659	10.692595
3.919327	5.265588	-0.223348
1.824000	2.611991	10.202160
3.023904	4.411317	11.509024
1.949280	2.433008	9.535411
4.966204	3.013104	5.538382
4.507323	4.850274	12.139350
5.295138	7.668043	10.036566
3.490024	1.625404	3.897090
6.286172	7.278003	8.679868
6.061488	7.198875	1.825827
3.624730	4.919856	11.629663
5.291718	7.013565	1.103069
4.781191	5.637580	0.549851
3.044303	1.464403	6.853500
5.085433	5.836520	11.817054
3.278755	7.281893	6.271241
3.636839	3.746036	11.253649
5.735539	5.747163	10.423520
1.887151	3.463013	2.701879
4.356089	3.757786	1.379602
3.559466	7.362352	8.647268
1.748157	2.080412	8.919941
6.009513	6.877988	1.771500
2.529721	5.913071	10.255898
3.750728	6.822993	11.213377
4.845699	5.951803	0.419467
3.692606	2.132593	3.520522
5.427079	2.774493	5.642633
5.338853	7.984133	8.440641
3.666213	6.453506	1.407473
2.626452	5.032205	2.771598
4.317287	4.916425	-0.214187
1.512591	3.254520	4.315828
2.641502	3.825738	10.951658
5.009773	6.913811	0.824299
1.525057	3.063917	5.475176
3.994368	5.404907	-0.041283
5.054013	4.613745	0.800059
1.814338	2.826599	7.063613
3.990475	4.737579	-0.004277
3.184802	2.805063	0.631005
5.905382	7.819027	8.898520
4.278390	2.029322	5.525624
1.855138	2.102178	5.308897
5.131574	3.175531	7.100312
4.570764	8.503921	5.275615
4.395187	5.521926	12.031516
4.942648	3.692831	2.582925
6.079426	8.819814	7.104209
5.265917	8.615650	6.296486
3.687441	5.381235	-0.231962
4.237799	5.196987	0.211664
4.019934	5.193968	-0.136917
4.822676	2.671355	2.518871
3.977357	4.238458	0.200590
3.858845	5.547534	-0.149090
3.272357	4.242439	0.584487
4.062805	4.689037	0.668042
2.899076	2.772403	10.578950
6.207682	6.224185	9.339206
3.652293	5.322575	0.327065
4.301227	5.500231	-0.030898
5.944158	4.523723	7.433139
6.149789	7.639988	7.531186
5.766798	8.702409	6.142805
4.299647	8.231784	4.920689
3.207052	3.489812	0.226140
4.463592	3.718503	11.169775
2.656707	4.058328	10.606911
2.492320	5.468767	10.339447
5.096419	3.431428	2.412593
2.075183	1.888484	5.780064
4.456379	5.108904	-0.019501
3.156777	5.511366	0.874914
3.344358	1.159977	6.737871
3.588179	6.547748	9.569300
2.023116	4.133502	1.209146
5.646642	7.300783	2.310444
5.608432	8.396535	3.399663
2.457317	6.031251	8.611923
2.315265	6.101112	7.025823
3.660036	2.747399	9.805685
3.950005	2.354280	9.452108
5.914393	8.306768	3.728084
4.330615	5.189481	11.588364
3.747670	4.671939	11.922474
1.394368	2.237520	7.183642
3.996533	5.381604	12.560487
5.400448	3.897224	9.382227
4.338635	6.110874	0.474269
4.104490	5.129174	-0.194178
3.334351	5.932173	11.483345
3.511161	4.849628	11.622452
3.342085	4.703629	0.095885
1.936566	2.850370	10.091566
1.935610	4.398992	5.586433
1.711503	2.494124	6.589620
3.075680	6.095054	5.258171
4.179231	4.806976	11.826262
2.616515	2.720189	10.714433
2.090310	1.646564	6.049355
5.477226	5.746436	10.886734
5.338885	8.602005	7.349034
5.076369	8.030539	3.038918
4.725178	5.388791	12.106891
2.684478	4.281773	0.676518
6.332683	7.781071	4.767686
3.042943	2.144778	2.932475
5.007848	3.828351	10.652043
5.759116	6.602895	10.021231
4.707315	4.932742	0.280063
2.035103	1.542540	5.489157
4.930522	5.314448	11.736845
5.289715	3.247451	3.269628
4.400535	7.969351	4.892057
6.020507	7.719514	3.237691
2.372055	1.819525	6.781882
3.177497	3.326806	0.612916
5.590194	5.852659	11.677988
5.548369	4.056852	7.896361
4.690131	8.089362	5.715833
4.464132	4.840196	-0.209000
3.121865	1.219533	7.593806
3.645373	4.336010	12.046171
4.669003	3.245703	4.182852
6.521360	5.843979	6.176556
4.773878	7.258465	10.828335
4.646561	3.910403	1.284122
3.342824	4.793389	0.541361
2.950520	2.845908	0.903217
3.632983	3.351225	0.233803
6.290426	6.414838	3.074233
3.694474	5.268696	12.017662
2.154504	2.903958	2.258000
2.876321	5.674441	9.692202
6.270554	5.686089	5.207125
1.885626	4.885816	5.380644
3.272027	4.462256	-0.088824
1.512768	1.672962	6.794052
5.365964	5.993513	1.191272
4.684180	6.041798	0.140761
3.179247	3.132509	11.183958
4.540227	8.684452	3.306411
2.055883	2.616861	9.310516
5.268231	5.669058	1.335424
3.762920	6.174692	1.357605
5.280632	4.476891	10.536530
4.115280	7.390362	1.564468
5.967121	7.915160	9.378151
6.601883	7.313110	6.366172
5.067989	4.534929	11.287892
3.659404	3.792676	0.515686
3.166815	5.087546	11.553463
3.415495	5.935499	11.743492
6.372290	7.227969	4.183872
5.104542	5.562957	12.043680
3.374787	5.416104	0.842422
4.298042	4.745955	11.969283
2.256606	5.359555	7.667670
4.688362	3.676143	8.817583
5.911163	6.039136	2.760024
3.756166	7.316283	2.276831
4.794851	4.766869	11.428446
6.238701	5.269836	6.464861
4.066407	3.892424	12.080198
2.743974	1.566580	6.762521
3.791013	3.120091	10.460059
3.351147	7.303667	7.007355
4.412154	3.287798	8.547847
4.336124	2.931557	9.639083
2.891592	3.212913	11.059428
3.713775	5.272869	12.120652
5.817384	6.185241	1.066871
5.224977	5.746950	11.621512
2.856049	2.358648	9.949439
5.186860	3.820486	10.329142
6.613779	7.426567	7.749735
5.952229	4.659457	6.693498
4.867223	7.990807	8.861715
2.667498	5.253741	0.210768
2.362660	1.626065	4.810914
3.713758	4.445861	12.131451
3.377693	7.222079	8.823248
2.701306	2.203219	8.858567
2.030033	4.772986	1.647965
2.951144	4.741492	11.903888
3.156259	6.206064	4.600533
4.191176	4.667421	-0.486421
3.771453	5.354785	0.183789
1.521606	1.801661	5.570715
1.832391	4.413214	5.276656
3.048480	5.839606	0.893390
5.598665	8.100694	6.037470
2.014494	5.084544	10.399721
4.567990	6.217559	11.735221
2.392996	5.659750	9.511713
4.455128	5.309776	0.070258
2.564463	4.475778	11.063035
3.861829	4.321693	11.688198
5.454918	7.330237	1.167485
1.817874	1.686732	6.658607
4.949088	8.142871	3.804250
3.726479	4.717295	12.405256
3.139174	4.403476	0.034753
2.826001	6.469749	7.769081
5.572746	6.296420	1.542622
4.699279	6.736855	0.995934
5.085031	2.851218	4.119532
3.154921	3.731264	0.002652
5.003007	4.996322	11.681342
5.910794	4.331129	6.700896
2.403022	2.789066	1.930935
5.146375	8.194405	6.597696
3.964558	6.125122	12.047488
5.301091	7.546084	10.528892
2.264096	5.337495	3.811665
5.801645	8.860724	5.940781
1.878838	4.270522	7.600895
2.944697	2.933129	11.214357
3.839192	2.144759	4.483705
4.098822	4.795902	11.821715
3.284321	5.430754	0.818937
6.004070	7.962460	4.984343
4.329503	6.223195	11.858770
2.389964	4.204629	1.535534
3.662185	7.501411	2.450950
5.342468	6.472596	11.530330
6.159171	7.966709	8.232130
4.616760	7.793780	7.984599
3.075944	4.456101	11.945512
3.946030	4.109049	0.349794
5.665510	7.792694	2.978517
5.784745	6.990246	10.055997
6.335587	6.651798	1.446751
4.950806	8.238276	5.841292
3.882939	5.053565	12.251563
5.904476	6.970185	0.964607
4.226302	5.111278	11.919495
2.189604	1.456638	4.806975
4.441563	5.388194	0.524141
2.043274	3.140416	10.090503
2.682131	3.321986	0.442338
3.329608	4.526604	11.976773
3.381068	2.947283	1.207994
5.291930	4.347709	7.566036
3.795116	2.933928	1.810265
3.260378	3.589712	11.385024
3.633931	6.506454	1.773165
3.695390	5.322246	11.949213
6.050855	6.811980	9.298112
1.773822	2.814652	3.050371
2.204757	4.014638	10.414709
2.845178	6.023418	1.713021
4.367440	5.885117	11.818863
3.843227	3.634541	1.238014
3.474946	1.450607	8.162170
1.337664	2.808401	8.348047
4.485630	5.231694	12.051213
3.433638	1.790664	5.285986
4.259586	6.743984	0.704187
3.191171	2.499440	9.686636
4.999206	7.607094	10.634319
4.185282	4.474138	0.080758
4.606452	4.520147	11.747680
4.932735	5.330734	11.185734
2.882674	2.162862	2.685300
6.568711	8.159374	7.627865
3.226111	3.802128	-0.077762
3.550972	4.479478	11.754944
5.307126	9.161977	6.920824
3.956058	4.746986	0.230813
2.472526	6.617946	7.457552
4.163513	4.400431	12.001226
3.541760	5.314421	11.414084
2.560852	6.329263	9.122840
5.109635	3.743681	1.574597
6.403403	5.081866	5.839191
3.377970	5.085855	11.233933
4.596055	5.767215	11.790233
5.124420	7.974713	9.851769
2.338593	6.700595	7.897628
4.857764	2.360030	7.240779
4.801521	4.842886	11.572681
2.848752	6.096933	7.765940
2.377542	3.994907	10.653078
4.281676	6.382035	11.320096
3.014137	1.642401	7.576470
6.357272	7.820525	8.224168
6.287514	5.639189	2.185970
5.613357	8.315481	8.013391
5.910240	7.740309	4.268080
3.066034	1.457198	3.288527
2.173775	1.780422	3.681201
5.729161	5.870692	4.402575
2.119161	3.391170	3.341086
3.476367	5.447224	0.488035
3.671173	2.022234	9.176997
6.457873	6.055549	2.967480
4.360648	5.409676	11.837615
2.259492	4.984807	1.581948
4.779192	2.466885	8.992685
2.870002	7.163416	3.551169
4.442347	7.382854	1.882030
3.465000	2.610437	10.179602
5.845418	7.438487	9.392992
4.296543	2.834908	1.749501
5.684650	5.023550	2.018969
2.759955	3.154673	0.442555
6.073300	6.998135	10.039785
5.589288	8.045671	3.593469
2.497806	1.964791	8.961986
5.799890	8.579929	4.570882
5.158100	6.475661	1.532339
1.810116	2.376654	5.424117
5.973417	6.094517	9.998906
1.959985	1.235297	5.953333
2.040240	2.397152	7.919046
4.642025	8.566540	5.445283
4.200170	4.988453	-0.249952
3.869005	3.729194	12.250103
5.364079	3.707570	8.938540
2.930360	1.722215	3.264901
4.146425	5.318085	11.892615
1.897996	3.384481	2.325103
3.802644	6.836893	0.306219
1.482079	2.418580	3.504019
3.113389	1.518290	4.946383
3.503550	5.749845	11.552695
2.588865	5.591241	1.168202
3.308083	4.753159	11.685597
3.513690	5.419228	11.619190
3.684940	4.813182	12.354280
4.425242	7.434447	1.645798
5.867826	8.015857	4.377782
4.388354	4.627689	11.802143
3.942302	4.185665	0.021792
3.809613	4.727217	12.097076
4.886248	3.200313	9.163857
3.637486	4.874668	0.340876
5.834297	8.215269	7.496888
4.388616	2.166534	8.558287
5.249543	5.470016	1.076099
5.644379	8.556098	7.917856
0.884461	2.339430	7.632451
4.416662	7.707033	9.207747
4.819647	5.168976	11.949129
1.210566	3.054247	7.917695
4.171549	5.163729	11.928216
2.261038	2.121031	4.162575
5.618324	7.881602	9.681482
5.420688	4.515379	10.231244
6.633687	8.106997	6.484804
2.093633	2.062432	7.140124
3.760174	4.070220	0.312744
4.053145	7.695667	2.479096
3.842055	2.817389	9.514437
5.700151	6.183385	9.645507
4.817184	5.122014	11.544747
1.144085	2.455676	5.072157
2.230084	1.973980	3.491749
3.312098	5.615360	0.882303
2.045249	4.124909	10.606811
2.785034	4.613336	11.854659
3.545003	3.601085	0.568358
5.948700	6.747871	9.569109
5.735439	6.085334	1.490597
3.348349	4.954592	11.960215
1.558203	1.507802	5.031516
4.448140	7.731757	3.931652
5.277755	4.724640	9.925233
1.588922	2.802144	9.052732
1.905366	2.052038	3.828535
6.284723	7.064406	8.638876
5.404210	4.941286	10.073862
2.770687	5.069454	1.014721
5.513119	7.776609	2.716143
2.920247	5.135189	1.421582
1.731272	1.755059	8.371238
4.718053	6.435882	11.262055
2.304435	5.161905	1.883871
3.323371	4.630103	11.235092
4.799923	6.301166	11.215938
5.662824	4.485470	9.220090
4.331760	5.270742	12.002129
4.208774	4.412887	11.832411
4.080936	5.816088	12.485407
5.532282	6.440134	0.722023
2.362450	4.373252	1.884689
4.571690	7.818847	9.910032
5.027961	6.135529	11.240274
6.352598	6.289853	10.334807
4.106317	3.862812	11.155080
7.016431	7.913880	7.100055
4.502606	5.060945	12.060042
4.472950	5.469739	0.321243
3.299762	4.386863	0.176521
4.982543	6.467125	11.342751
4.403662	7.248331	1.975830
5.592436	7.794068	2.996096
5.855840	6.337094	5.496864
5.972774	7.860531	3.062840
4.233371	4.570919	0.577679
4.112114	5.751173	0.591243
5.971085	8.594942	5.437610
4.400288	6.149057	11.904777
2.447366	1.283004	6.224689
4.018557	4.770709	-0.012455
5.832074	5.379783	10.757359
4.764472	4.932453	11.485734
4.618010	5.209893	11.723726
3.583816	1.952662	6.714573
1.242664	2.667021	5.293532
3.089377	7.595035	5.953638
5.288092	4.971412	1.408332
4.304645	3.867121	11.894895
2.821545	4.224759	0.898816
5.565322	8.526249	6.910022
3.418504	7.273967	4.720840
3.369683	4.473568	0.548603
3.855198	3.845936	0.624778
2.954121	2.022866	9.691465
5.313698	3.211849	4.677234
4.961648	6.609759	1.005175
4.575555	4.942576	12.223342
4.612256	7.197853	10.353249
4.738139	5.925064	11.739497
4.897694	5.188053	1.033177
6.509394	6.651129	9.334757
3.457947	4.845515	11.981291
2.119830	2.444986	3.447061
2.530900	2.835775	2.434103
5.793942	8.226838	4.053025
2.686434	4.986557	11.456927
4.061225	7.330064	3.265133
3.620552	1.472049	5.582095
5.707537	6.350299	1.238426
5.120989	5.214250	1.891261
