5.162342	4.061166	4.004966
4.828612	5.588371	0.219735
2.279522	4.830467	1.388296
2.528600	4.691478	0.958055
3.320441	2.215540	1.754184
4.045298	4.495154	11.907742
1.542499	2.420143	8.557161
4.086590	3.407989	11.560242
4.967449	5.101220	10.430666
5.479805	4.521921	10.083558
6.456569	5.936118	4.607049
6.583225	7.850373	7.952874
2.001423	4.065489	2.313599
4.090858	4.846209	0.243526
6.010953	8.688534	6.785994
5.403301	4.879520	1.508593
3.008991	6.858685	4.213144
6.143769	6.447490	5.564727
3.363719	3.964189	0.763408
4.108744	6.539754	11.649103
6.137224	5.713026	2.992083
5.645427	6.867930	10.027531
4.164759	5.868832	0.197838
3.600649	4.862442	-0.466855
2.861962	5.129960	0.388339
3.850910	4.474447	11.791437
4.068519	4.735951	11.967629
5.301382	3.887825	3.350304
5.439540	8.159418	8.302204
3.667015	7.804035	1.612683
5.904798	6.121831	9.579101
1.575838	2.381305	7.722708
2.258739	4.203851	10.778978
2.250422	4.681851	0.484284
4.664334	3.413560	3.870757
3.672922	4.346807	11.935569
3.803922	5.162881	0.309908
6.046063	8.317229	5.911094
3.572651	2.018311	5.095331
5.259725	6.128223	11.432542
4.308666	2.905357	1.716975
4.575762	6.153662	0.500510
3.309225	4.603247	11.818136
3.338764	2.474041	1.862333
5.311168	8.580118	4.032644
1.953786	2.586328	9.184284
1.936757	2.867200	7.563427
5.851270	6.138683	10.287453
2.986622	5.648821	-0.105120
3.332334	6.733804	7.957859
5.116164	5.887175	11.477253
2.239727	2.048892	3.720050
4.201310	5.167492	12.007055
2.332978	3.503047	10.215426
5.436900	8.101226	8.008134
4.460617	7.549837	2.770110
4.365910	4.798531	11.969534
5.292522	4.800131	3.214900
5.665235	8.467485	4.932572
2.858786	1.817191	3.262689
4.598758	2.979350	2.584632
5.824500	6.893320	9.931842
4.975741	7.772103	9.527877
3.627900	3.690763	0.630381
2.897766	3.256271	11.150399
4.282741	7.321057	10.754404
4.495184	3.172333	10.685686
5.101573	8.808238	3.450251
4.565500	8.149008	4.125816
3.817734	1.974226	4.080315
4.129980	5.444638	-0.242546
4.089365	5.939878	0.730853
5.123962	5.944712	11.356738
4.306326	3.640647	0.707024
4.803369	8.503989	5.278154
5.860445	8.598084	7.596770
2.451398	1.569807	8.470503
1.799244	4.388731	4.019047
2.642354	2.780796	1.046565
1.657254	2.585080	8.540360
4.932592	5.516463	12.377630
4.669339	3.187756	9.930876
1.768906	1.978500	7.510295
2.664537	6.566396	5.830131
1.643807	2.445441	4.267137
6.029400	8.232021	5.893631
4.708571	7.586793	1.941361
5.412749	5.588415	10.749094
4.720734	5.297537	12.407494
5.617992	3.594817	7.499730
3.504449	3.881971	-0.080362
6.566998	4.960796	4.368634
4.147691	8.117644	10.256805
1.552479	3.387552	4.466565
4.048878	2.136188	4.877255
2.714730	4.463441	1.159399
1.978409	2.611141	1.951812
4.390175	3.688054	0.922090
2.600837	6.892425	7.136979
3.689058	7.695498	3.669898
5.187124	8.541225	5.653444
4.432495	2.838750	3.060924
3.326847	1.607000	7.091344
3.268150	5.045393	11.938993
3.676274	7.722143	6.743276
1.198415	2.435305	6.166219
3.436096	4.784964	0.507444
3.238528	7.193834	3.273189
4.026113	5.090164	0.006605
4.539206	3.350561	0.944258
6.711473	7.939556	7.552754
2.931903	4.242117	0.258869
4.119687	3.830768	0.810498
3.345062	1.596626	5.441301
4.399950	5.453678	0.333005
1.835314	2.985940	2.961037
3.287975	1.483256	6.942361
4.547612	2.161303	4.212051
4.325889	4.189467	0.015399
2.583335	6.868161	6.407867
2.937981	4.284139	11.862399
4.178165	4.761411	-0.328435
4.062974	4.516547	11.686253
3.529457	2.905430	11.000031
6.340080	6.966827	4.802190
1.946337	2.550994	9.412571
3.925120	6.303725	-0.351283
2.810625	6.719181	9.694083
3.262012	3.640285	11.448404
6.090290	8.540574	7.083829
2.606488	3.202810	0.831250
3.918433	5.206026	12.096956
3.777739	4.907002	11.798113
4.725645	3.548381	3.050685
5.757837	4.684820	2.747709
6.375864	6.262182	3.782661
3.878628	5.821024	0.179898
3.355672	3.346963	11.629650
1.307954	3.654674	5.610979
5.214615	7.083851	0.720458
3.415711	5.393493	-0.080149
4.751562	3.852923	3.010475
3.046553	6.339497	10.084960
5.567905	6.735654	1.930163
2.945695	2.850260	1.280234
2.300153	2.528067	2.589024
4.324580	5.345597	-0.124163
1.290621	3.397648	6.874445
4.562085	3.851881	0.472083
4.382325	4.886003	11.943836
6.362917	5.952722	2.806355
5.003146	2.826415	6.150818
4.626934	8.390669	9.247844
4.975919	3.881743	10.656917
1.621035	2.065491	7.674238
4.593992	5.137014	11.954945
6.298689	4.372100	5.308312
4.070591	4.156958	-0.128052
4.320227	4.174865	11.316436
3.843953	4.585119	0.176693
6.985135	7.810545	5.161536
4.431875	2.991107	2.401470
4.423889	7.342741	2.110008
4.215272	6.765844	1.564705
5.323862	5.366974	1.905376
6.722147	7.403292	7.524674
6.248044	7.066377	9.088429
3.276781	3.372904	10.917270
3.038021	3.735557	0.705558
2.108558	1.425376	4.401419
2.350521	1.563725	3.783870
3.059784	2.159900	2.023308
1.507105	4.109369	4.219050
6.706408	6.606492	7.495706
5.989722	7.805906	3.050315
3.619194	6.479360	0.735849
6.252804	8.664491	6.585092
4.653677	7.710177	1.863987
4.339009	5.440358	0.164369
3.333513	3.195724	1.390065
1.948166	3.457844	4.291039
5.528154	4.180724	1.726604
5.099206	7.796545	10.168008
4.369109	4.081783	0.873432
6.237477	8.406054	6.171146
4.466216	4.950985	0.638852
4.242944	4.895069	11.964429
3.032195	4.978615	11.437932
3.337720	1.649032	6.198967
1.874115	2.967209	9.818282
6.500451	5.324437	6.388385
2.142945	4.528044	1.971769
1.103506	2.454413	5.812098
5.277017	4.301234	2.599120
2.491629	7.038713	9.525740
4.507985	3.086976	10.144378
6.513964	7.092663	8.491292
3.650001	4.762935	0.091394
3.085626	5.354881	0.338993
2.344726	1.866652	3.652873
3.806230	5.390372	-0.138296
4.372327	2.299632	4.598030
6.251018	6.769600	9.020588
4.238550	7.725025	9.542281
4.053837	4.734885	11.568698
2.312561	3.144774	2.516012
3.668762	2.854555	10.271684
2.776985	1.228979	7.050242
2.338618	3.288327	10.145317
4.771216	3.908317	2.728357
5.808611	8.384829	6.358228
3.754127	5.431346	0.173178
3.071643	1.594115	6.493954
4.139288	4.070743	11.443209
4.565684	5.666991	11.903109
4.219107	4.812078	-0.299600
2.541877	5.709762	9.520333
3.355022	4.205389	0.206545
5.405291	3.770325	8.736509
3.810314	5.006051	0.657536
6.799313	4.930931	8.910731
3.157700	4.785482	11.850079
4.144012	6.262415	-0.192198
4.791545	4.415613	10.600129
4.057564	2.209618	3.342749
3.054091	5.574095	1.214474
4.890677	4.859536	11.029775
2.560363	6.210348	3.439942
6.539443	6.809219	5.350267
4.099831	4.400338	11.644266
3.565682	2.923905	11.303438
2.635758	5.389473	1.381479
3.631334	7.852228	7.368031
5.993722	4.931432	9.039754
5.403175	8.288021	6.741289
4.422661	2.757940	9.336145
2.890836	2.223576	10.140426
3.645166	5.414842	0.064089
3.610299	1.504262	8.344297
5.101377	3.075392	5.547672
4.340057	4.324808	11.517383
2.195642	3.794286	2.602675
2.291662	5.523331	2.890961
3.184718	3.760000	11.438166
2.015450	1.396804	7.445160
3.795398	4.313569	-0.240770
5.191682	5.414301	1.280968
2.101774	1.495240	6.585466
2.791976	6.124684	1.433906
4.522330	6.526305	0.681021
3.787368	4.588446	0.297262
5.880299	8.402711	7.390236
6.295250	6.258035	10.249432
3.937884	2.785761	3.085661
5.557710	4.962939	1.443954
2.203145	3.492266	10.929419
6.493339	6.376983	7.849267
2.219263	1.863637	3.582974
1.190095	3.481288	3.594165
4.901055	8.240963	7.290253
3.996645	2.656461	9.742539
3.207370	4.714450	0.201292
5.667864	4.163581	4.400323
5.565805	8.471531	5.096129
3.910100	6.526919	1.786552
3.880380	4.441634	0.163524
5.223695	3.780065	1.056150
3.217828	5.259730	11.555553
2.793233	4.282465	12.166443
5.896120	7.032875	1.992715
6.423552	5.714131	3.086849
4.422670	3.953896	1.144579
5.229165	7.210324	10.589707
3.745274	4.686528	11.555007
3.450981	3.253370	10.927577
4.329598	3.578913	11.363450
3.688210	5.039618	-0.046929
2.785004	6.834618	6.531130
5.797204	6.779993	1.535567
4.834817	5.147610	11.414886
3.847995	7.142375	10.337660
1.336600	1.894402	5.800596
3.399366	4.244565	0.290938
2.201510	2.607555	9.302146
5.331583	8.017813	2.757958
3.568513	5.009603	11.689376
5.895991	4.892331	9.148430
3.818460	5.890061	10.712219
3.034536	3.774241	11.699988
1.829128	1.749190	6.528792
1.870928	4.919640	3.759949
4.818837	8.561112	5.925902
1.668526	4.004897	4.579421
4.880454	3.744916	1.582814
6.663937	7.490553	6.788862
5.627288	7.703821	8.432542
4.223497	4.827757	11.969497
3.963682	3.522746	12.117171
0.993147	2.758486	5.352632
3.472987	3.472882	11.501214
5.435956	3.417240	4.392579
4.332489	5.363004	0.395739
1.733632	1.891018	5.340970
2.283809	4.092150	1.219412
4.569239	3.160116	8.147268
5.145101	4.847907	0.081021
5.711967	6.365319	10.177350
3.664622	3.731443	10.938402
5.054992	5.815883	11.719671
0.894829	3.563106	5.900006
4.032041	3.909125	0.687863
2.967017	1.955510	8.504070
3.593720	4.651992	11.823038
2.413818	6.698450	6.485003
2.359782	3.373613	11.102368
1.343219	2.073367	5.221694
3.758950	5.055615	12.028586
4.276143	5.410456	11.938262
3.612104	3.133968	1.007142
5.274127	4.424177	2.432812
1.971040	1.676105	4.902185
3.045168	4.712573	11.280454
5.631115	3.303310	3.375617
3.619758	3.864086	-0.078456
1.218088	1.888111	6.310012
4.255584	3.285365	9.281034
5.206334	8.206791	5.939756
2.309031	4.512464	2.167887
4.789234	4.327192	0.387616
6.137062	8.540140	5.425228
4.214443	4.453276	11.865810
4.774844	7.084399	0.370630
5.055977	3.857087	3.871284
6.300975	7.503264	3.675534
3.701388	4.493538	0.335666
3.655576	7.386561	6.044187
2.781723	6.475414	8.227669
3.648912	5.766206	11.589510
2.946598	2.366517	9.688862
3.965354	7.256586	1.952862
1.834764	1.823749	5.865731
2.645071	4.238093	10.456092
3.983188	6.819244	2.254650
5.360146	7.837277	8.751126
5.232444	5.167937	11.477083
3.969208	4.698498	11.886513
4.089135	4.129000	11.059503
6.430116	6.167173	3.540322
2.088748	2.742998	1.778722
5.105365	3.282699	9.816459
5.362546	3.291602	4.975709
4.677818	5.616390	11.310191
2.232991	4.198963	10.416815
4.521872	2.443861	2.685219
6.972323	7.048556	7.280321
3.938560	4.389060	0.305677
3.695695	3.087372	11.497580
3.685638	5.664401	0.277701
3.285287	4.036180	0.270815
5.255187	5.050645	1.651605
4.156455	3.561175	10.922550
3.724138	4.924187	-0.320045
3.251876	2.668296	0.909954
3.908471	4.342592	0.470572
2.511328	4.671295	10.840344
5.778415	8.537195	4.722886
2.140187	5.941597	5.007498
3.044541	6.248572	10.469292
4.979716	5.850770	11.806518
3.224287	5.585611	11.881820
3.590246	8.441484	5.778185
1.640964	3.204312	2.529942
6.146418	5.223067	3.076911
5.334505	4.283548	5.625779
3.343929	1.775141	4.203863
5.207395	3.238977	2.271579
3.891218	4.088832	0.541510
5.454570	8.158531	10.030086
3.848252	5.000232	-0.044973
3.415703	5.976771	11.052813
5.895355	4.544582	4.275721
3.820562	4.602007	0.319404
2.817900	2.941045	10.869821
4.499795	3.861015	0.835820
2.491035	3.938609	1.633417
3.275552	2.852610	0.556672
3.534755	5.728774	11.143346
6.777160	7.167040	8.193764
6.163707	5.363106	3.364225
5.968338	6.761983	9.542389
3.950032	4.329008	12.093643
4.851908	8.617534	7.674892
3.530162	7.850535	4.654762
2.859857	3.155955	11.150625
5.120352	8.483552	8.804184
3.973161	5.319173	11.956783
5.618502	8.550588	6.496245
5.156388	6.834885	10.947970
5.362947	3.550994	4.380068
5.248112	3.584495	2.548779
2.381121	4.045222	1.675791
2.131158	1.883535	6.782352
3.453953	3.400393	11.147026
3.148188	3.973228	11.739015
1.348068	3.028185	6.752707
4.810480	2.872403	2.410141
4.566302	8.126049	7.540679
3.198457	4.093205	11.448429
1.756259	4.253729	8.059989
3.111590	3.284212	0.661775
5.284620	5.909764	10.928985
4.993738	5.818245	11.388381
5.411256	6.617508	10.968038
2.276973	4.788746	10.250375
2.193673	4.244512	10.590274
3.439886	5.373209	0.305837
2.628587	5.328618	3.600482
2.866116	4.679860	11.006984
5.940915	6.737396	2.424186
5.827229	3.428940	5.207305
1.801050	2.413891	8.357473
5.608498	5.873585	0.878565
2.354149	3.948360	1.112964
5.165348	7.656576	10.314363
2.957514	1.151480	8.263151
3.790910	2.513811	6.907910
3.550789	7.875377	4.693883
2.022690	1.593179	4.285419
1.928836	3.996794	9.785647
2.118274	4.428468	8.499314
5.410131	7.230936	1.718891
3.440639	1.441341	8.016080
6.412854	5.549196	7.674111
6.629968	6.620002	8.014549
5.448199	3.806273	8.900500
5.414179	4.343748	3.131473
1.972042	4.923711	4.894403
3.565257	4.093928	0.310850
3.729093	4.842999	12.167730
4.362254	7.328467	10.021619
4.519649	3.138561	3.054330
2.255498	6.073580	5.428292
2.526761	3.395527	10.233122
2.292611	3.466423	1.375422
6.146988	5.340482	9.584674
5.853483	7.034663	2.174978
4.698569	8.071587	6.527046
1.677145	2.400794	5.669150
3.592400	4.290089	11.788837
2.651011	5.986539	4.091738
3.188050	2.432394	1.665461
3.443251	1.823609	3.848144
2.171506	4.008615	9.500272
3.291668	6.020843	0.700809
2.489015	3.018352	10.310342
3.921221	5.226315	11.947681
2.651306	2.746239	9.959092
4.620882	2.959002	4.433091
4.128705	4.630186	11.953061
3.075151	3.549301	11.426947
4.310738	3.623382	0.406902
1.729008	3.049543	2.453593
4.845958	5.634617	11.602038
3.212007	6.015457	1.783155
3.811375	5.085573	-0.057237
4.894227	6.706160	11.571766
3.073678	3.159071	1.248792
4.953188	7.610411	10.065615
3.916860	5.469188	11.952335
5.521322	6.441693	1.184201
6.855776	7.449713	5.924437
4.471208	5.645670	11.773550
2.671394	2.750891	1.959062
4.037707	3.820410	11.844548
4.500924	5.072865	-0.620429
6.092620	7.330866	3.244093
4.236011	8.247709	5.463053
3.751183	5.430379	11.582478
6.737672	6.521056	6.618932
4.090151	5.821744	0.651972
3.920699	7.098029	1.788680
3.285642	1.636995	8.819249
1.856769	2.423689	8.510636
3.716931	4.082150	11.425346
3.953111	4.132579	-0.106957
1.992510	3.164171	9.702189
4.046569	4.879756	11.882123
1.720401	1.517679	7.698976
2.773859	2.676402	11.310896
1.877725	2.678389	2.807818
3.657401	1.723052	2.861866
5.410787	3.792405	5.796463
4.616373	3.505008	0.612530
4.681434	5.545368	11.800747
3.535445	5.177572	0.159607
3.476616	4.679182	12.473938
6.377478	6.291430	8.452739
3.517629	4.480376	12.108982
5.840010	6.178689	9.570113
1.707513	2.832964	4.603918
2.956451	7.017685	4.311693
2.451807	5.207773	2.651944
4.927689	3.850139	6.350340
4.705433	5.723335	0.664173
6.191919	6.828802	3.427693
4.389714	4.954811	11.823965
3.819942	5.097825	0.397000
2.603072	5.777261	2.296630
3.591487	3.673988	0.229193
4.720483	6.145929	0.992145
3.151576	3.398322	11.657073
2.505807	3.966841	10.859268
4.025997	7.762935	8.643419
6.284902	4.951315	3.357966
2.618447	6.507832	7.006217
4.091678	3.587868	10.754829
3.238502	4.285024	-0.159224
1.644044	1.840112	6.788720
4.470395	5.269590	-0.014281
2.463864	5.398907	2.286584
5.182766	4.292877	2.369616
3.901491	4.267811	0.222105
2.861081	5.567998	3.171844
2.058880	5.283755	7.907889
3.721184	4.234494	11.657114
4.638461	4.011000	10.626403
5.647538	4.735359	1.850698
6.547059	5.762347	6.474417
4.237822	5.412302	11.420653
5.864971	8.433740	6.815099
2.683239	6.314438	7.435015
3.688308	1.894525	7.589337
4.246774	2.309809	6.248512
1.730688	3.825172	7.395033
2.808770	2.337013	2.553870
2.908798	6.352615	8.136859
1.734298	1.529589	5.460548
4.711415	4.478071	11.667753
4.092847	7.703759	7.861731
5.803410	8.379659	7.369780
5.445117	7.259902	10.560090
1.706463	3.177396	5.662822
5.874817	5.598474	1.602667
3.582837	1.533770	4.895438
4.405184	6.692804	11.021555
2.555785	4.422020	1.060836
4.130738	5.066836	11.444084
6.422933	4.858268	6.665577
3.330926	1.559384	7.797495
2.022455	3.508233	10.783011
4.193155	4.646223	11.350048
5.277733	7.032419	0.920395
3.965184	5.574968	12.005215
2.303293	6.101881	8.038927
3.220931	7.026695	3.943292
4.830619	5.148402	11.766776
2.527536	1.883163	8.176702
3.167030	2.976298	1.321860
6.423826	7.565152	4.281041
2.594291	2.756864	2.224957
5.774334	7.598971	9.980505
4.107969	3.760405	1.349200
4.157207	4.804703	0.041373
5.080134	4.804867	11.063281
5.895129	8.031915	3.669140
2.664665	6.395131	6.851000
4.609568	3.354826	11.184189
3.075580	4.982378	0.480851
5.514332	3.817217	7.018060
2.005814	2.353022	10.015507
5.436448	3.322168	8.691817
3.713097	6.658080	10.684292
2.563258	5.324813	2.016824
5.254538	5.288230	1.328660
2.967361	6.719488	6.899483
4.731955	2.672772	4.199086
4.028798	5.029884	11.767290
3.070616	2.648477	0.914751
5.119704	7.131133	1.202340
3.381480	2.378376	9.320988
3.290979	3.683069	11.446374
2.635547	4.064141	0.465091
5.102725	5.051154	11.503653
4.219043	5.177136	-0.486683
5.673674	6.483109	10.774775
1.515951	4.653232	6.510334
3.880682	5.414229	11.826664
2.112307	1.969318	3.857590
4.789527	2.511400	2.739298
6.451617	7.324599	9.558351
3.010398	6.407302	1.721604
2.214078	3.530341	10.282627
2.495879	4.315424	0.706553
6.646943	7.572995	6.467911
3.090966	6.328239	1.081575
3.176967	5.072816	0.171391
3.843664	4.787405	-0.207927
4.302860	6.310894	11.798450
5.872081	8.278124	3.348383
4.571937	3.317062	9.957822
6.000709	7.077537	10.761080
4.768267	7.726108	3.781368
4.037062	5.838963	11.465064
3.624845	4.613616	0.197588
3.566385	4.990560	0.286260
5.021213	3.740776	8.483989
5.604027	6.312370	9.841804
1.481914	2.167873	5.734297
4.373355	4.943098	-0.175051
6.208218	8.199664	5.400687
3.556943	3.758489	11.643070
1.376662	2.444717	9.016457
5.169048	8.370157	4.670837
4.954998	3.400082	1.626423
3.293861	7.116862	9.553246
5.675830	8.316728	5.331744
2.807378	5.356566	10.699474
6.282784	5.855736	8.255931
5.894456	6.306134	1.550814
5.701632	4.150100	6.985160
2.742627	1.857811	7.428665
4.221147	3.337060	0.553865
2.232644	6.592381	3.209961
1.804664	2.445526	7.176346
5.786967	5.171968	9.094416
2.714568	3.861541	0.570327
6.353494	5.682528	8.683042
4.024297	5.259287	-0.010390
2.647100	5.331011	1.058343
6.405192	6.779530	2.774725
3.925473	5.582775	-0.234607
4.833991	5.497999	11.329995
3.918702	6.033636	-0.187043
3.820395	5.274144	12.237023
3.947160	7.826165	5.407609
4.977777	4.477160	11.962255
5.912174	6.212572	2.804090
4.759458	8.291865	5.016629
3.555867	2.673735	1.630609
4.380025	6.251943	0.348807
1.855828	5.207849	2.849464
5.141220	8.055459	3.578756
4.181812	4.689937	11.659251
3.228293	2.629935	10.042671
3.668383	7.265780	6.961894
5.279430	6.465535	11.385961
1.971319	2.001529	6.154195
3.699450	3.173513	0.308624
5.877112	4.140801	3.401178
1.503057	2.281284	4.954222
3.674039	4.215775	0.038564
6.527235	6.901911	7.911796
3.453635	4.164130	0.400511
3.447575	3.840007	11.848235
4.438909	4.632660	0.128926
6.615266	6.007567	7.830173
2.061845	5.822561	5.125864
3.140970	3.571998	0.611681
4.386834	6.752781	10.887624
6.031347	4.615631	4.136165
2.108498	5.084418	9.241967
4.286264	7.492703	9.480952
3.849592	5.634040	11.945427
1.392530	3.860533	2.058616
2.133657	5.018381	3.646571
3.186919	3.976494	0.379296
4.539221	4.333067	10.984768
3.427453	7.198007	4.000380
4.455764	2.984404	10.708530
4.932147	3.039823	3.818804
5.789104	3.822465	2.151357
3.555794	5.614435	0.247210
4.451279	7.998028	9.334033
6.283009	5.493955	6.828471
4.959024	5.642683	0.854008
4.228738	5.151845	12.436035
2.533183	1.630739	7.916020
2.649461	3.529961	0.886271
2.663295	3.455715	10.592564
3.491456	6.938536	1.834237
3.663569	4.567432	12.347775
3.549537	7.210454	7.860738
4.704768	8.157866	3.001913
3.880135	3.740300	0.720281
7.328961	6.736893	5.475871
6.046494	6.381288	1.333207
2.429101	3.984891	10.255409
3.751313	6.855714	10.591349
3.924019	5.277165	0.165071
2.734115	2.658688	10.617409
4.195912	3.903561	0.308204
2.731044	1.723454	4.790126
5.962469	8.149217	2.990959
2.807552	6.343549	9.961147
3.293563	4.640921	12.000468
3.698088	7.450060	9.064291
5.454957	7.420336	9.988021
3.117515	1.338618	5.842655
3.359966	7.272401	7.548831
3.654052	4.989624	12.197230
3.645727	1.764768	7.482679
2.120557	4.325966	2.306081
3.600373	7.747890	4.706667
5.327906	8.517954	7.464593
4.950359	5.114738	0.615875
5.245693	7.351203	1.772702
3.462915	4.085168	11.912545
4.616595	2.699674	7.630911
2.449951	6.110166	3.568350
3.589915	6.250199	11.512754
2.902050	3.708881	0.808659
4.500447	3.414299	1.914525
3.183400	7.021827	6.335821
3.523610	4.671372	-0.371280
1.902399	3.304242	9.781933
4.535481	3.612153	11.041049
4.224718	4.822899	11.985757
1.718270	3.955013	9.993410
6.278906	6.475858	9.430771
4.762539	4.090273	1.470597
5.006922	5.543905	0.245565
4.088048	3.235209	2.257196
4.365983	8.021726	7.811735
3.990031	5.346782	11.946639
6.521842	7.514884	4.579020
2.736615	1.427367	4.435963
5.963170	4.937493	4.971045
2.250244	4.716337	2.093113
2.028790	2.630724	9.139446
5.218239	8.000058	7.741835
3.868085	7.465738	8.024840
2.413670	1.820537	3.748501
4.692523	7.122120	1.392477
6.054757	8.513840	4.978271
6.677263	8.382309	5.680479
5.639502	8.101348	8.130650
4.226082	4.340818	11.736497
4.211464	6.849301	10.981921
3.059871	7.527748	4.285268
2.772459	4.293731	10.735269
3.746941	3.503553	11.047673
6.193596	4.642000	6.264110
6.386601	7.835875	5.862740
4.889142	3.690859	8.648302
4.160569	4.919560	-0.011447
4.131290	2.598909	4.391679
3.126875	4.650893	0.312139
1.734834	2.177471	4.804342
3.652975	3.722285	0.426819
2.821267	4.633640	11.633044
3.675570	3.738309	12.161625
5.276115	4.381536	9.834246
3.503269	4.373631	11.875597
5.381290	8.027754	8.382098
5.999998	4.595260	7.905301
4.286752	5.516220	11.716705
3.481886	3.592307	0.378718
4.697235	3.333901	2.180443
3.560071	2.269835	9.823656
6.192449	7.493784	3.264157
5.102781	8.429342	8.316596
4.073528	3.909112	0.778984
4.484900	5.456659	11.887984
4.310228	5.362941	11.957988
3.774587	8.077625	7.136137
4.056295	4.414855	11.909544
4.277739	4.657927	0.442294
4.256631	4.508668	11.746438
3.922437	4.669615	-0.268947
3.761351	2.066200	8.736774
6.390484	7.448395	8.855207
3.473591	5.502179	-0.012081
4.317219	5.295179	11.603286
4.953969	6.464428	11.301804
6.322885	8.092151	7.169030
5.966727	6.034350	1.928877
4.166193	4.699533	-0.013681
2.130422	6.169431	4.238670
5.793545	3.402583	7.829749
3.070044	5.814688	2.359139
3.542248	4.846627	12.370941
1.998252	4.657548	2.279624
4.174284	6.567159	0.362000
3.231759	4.781680	0.607637
2.574773	5.315700	9.277677
3.654802	7.455306	2.941743
2.256196	5.025521	0.756882
4.769674	3.366789	0.953044
1.155214	3.208273	7.036131
4.854764	7.145555	2.453103
3.067224	2.966236	1.188514
4.251134	4.087631	0.029790
4.335531	3.362890	9.957801
2.461284	5.360791	2.124615
3.802710	2.352944	3.858710
3.965907	5.297328	-0.345914
1.734171	1.447206	6.471306
2.835719	5.431692	11.225974
4.620789	5.166224	11.582448
3.073737	5.679961	1.847523
5.121148	6.661063	0.965107
4.405461	7.536599	9.851459
2.074225	3.618852	2.112681
2.707625	3.590342	1.298362
4.652841	4.792808	11.653056
4.665475	8.365656	4.416862
4.541310	2.880811	7.876282
3.570970	2.648518	10.152920
1.528235	2.106481	3.091254
1.612437	4.470838	5.901862
4.240987	5.410859	12.098877
5.202296	3.410491	10.118567
3.524018	5.025062	0.257531
3.210628	5.713281	10.850079
3.187639	3.160376	0.748363
2.329498	1.806975	7.742630
5.684808	4.709457	7.805537
4.485175	4.542916	-0.004167
2.929215	2.709512	10.222966
3.657499	3.560105	12.121790
2.415859	2.980655	10.580156
2.563258	2.434674	9.493364
3.961472	2.977582	11.642322
4.521319	2.032600	4.084634
1.958119	3.527905	2.212467
2.796921	2.409565	1.252519
3.935873	3.707002	0.748472
5.408097	3.911324	1.940217
3.199199	1.930802	3.636818
4.256852	2.872610	10.063210
5.343629	4.008888	2.282400
4.071342	2.565376	8.375033
4.044366	6.238175	11.533890
2.308401	2.860996	8.383941
4.855063	6.699205	11.299234
2.701064	4.425082	0.910161
6.238006	4.811145	9.142618
1.428258	3.192326	3.397452
3.244631	6.792624	9.854719
3.585935	4.986107	11.801181
3.283558	4.636330	11.705718
3.761703	5.378533	-0.018862
5.019067	3.552807	8.456647
5.652583	5.852981	2.905125
1.491060	3.810245	8.455123
4.714008	7.191096	10.550565
0.966934	3.918061	5.009482
3.083882	6.963432	7.815159
6.330825	6.068129	5.684837
3.343571	4.056386	0.593077
3.971600	3.712264	0.298716
2.674108	6.083770	9.603637
3.941234	5.289690	12.295338
3.473497	4.386315	11.883917
4.183910	5.389040	-0.016477
2.888456	4.496037	11.487070
6.231755	8.409831	4.151244
1.527013	4.763536	6.855965
4.785351	5.824142	0.056875
1.307708	2.095642	6.722779
3.735566	5.175636	11.913683
2.512862	5.037011	1.682931
5.931849	5.535876	2.221272
4.881283	7.790492	9.500507
4.012571	7.713439	10.405328
4.053024	4.882744	0.117606
2.879238	3.375645	1.102739
4.148493	8.373279	3.928483
1.582535	2.167848	3.270131
3.750431	5.949077	11.447986
5.652491	7.426945	2.094090
2.647418	5.147248	0.303450
3.347123	3.135792	1.199252
2.464603	3.909324	10.217683
2.682586	4.565478	1.157292
3.950037	5.199683	-0.113983
6.798364	7.331767	4.334373
2.824705	1.751577	4.339372
1.786948	2.119604	8.554983
3.659361	5.508785	0.353962
4.328291	4.756295	11.841609
4.438834	6.361235	11.655404
3.154948	1.679506	7.573031
5.346110	3.626441	2.548970
4.400806	5.079406	0.114263
5.287372	5.288938	0.655358
3.627409	5.409105	0.968332
5.940307	8.403219	2.431190
3.266282	5.812495	10.288091
3.352212	5.018633	0.330057
6.206577	8.618421	7.590308
4.670786	4.794357	0.199307
4.047203	4.668425	11.472794
3.711833	5.939599	10.940918
5.366680	8.041249	9.212902
2.944251	4.661263	10.600484
3.512614	5.351826	0.099349
6.410315	6.539538	7.899509
5.926236	5.119269	2.123374
5.097692	2.904184	7.140545
5.479686	5.867364	0.916770
4.018814	2.030626	9.657814
3.452585	4.359079	11.977743
2.710017	6.057077	8.548590
6.525719	7.257081	4.676050
1.442755	4.175724	1.826076
2.308633	2.009473	9.295851
3.814714	5.254680	0.218750
5.372605	8.264736	5.988500
6.585386	8.004585	3.974379
5.417518	8.569737	4.439480
1.577207	4.118222	5.062631
6.412706	7.810832	7.236330
2.788623	4.976485	11.707558
5.129908	3.215426	3.504934
3.492552	1.633333	8.470673
3.519612	2.205006	9.611696
4.543731	8.536333	7.336245
4.976529	2.670556	7.026869
3.710732	4.763244	12.221693
4.490538	2.037210	4.262400
4.499937	5.599363	0.278071
5.342187	8.280144	5.321750
1.502375	4.975871	3.765588
1.954597	1.626256	8.331898
5.040109	4.423311	1.269986
3.781551	3.121610	0.822696
3.996937	4.952112	0.397934
4.616706	6.081561	11.350044
4.477145	2.875856	2.682379
3.385225	1.942594	2.638026
4.483453	7.455548	2.457346
2.517152	1.949532	8.027435
6.454945	5.941053	2.164770
6.343398	7.312712	6.284744
3.314824	6.650518	10.110164
2.181275	2.950097	10.314360
1.786882	3.377593	7.024420
1.711969	3.547841	2.733563
1.768017	1.872644	6.524526
2.496922	6.007821	1.889143
2.350779	2.499215	2.373778
5.265743	6.452294	10.990401
4.568224	5.327101	-0.140635
4.026365	3.597591	11.042466
3.770161	2.835322	11.051899
2.285393	4.953563	10.656633
2.944562	2.140341	11.171889
3.406926	2.208942	5.950536
4.113861	5.429535	11.730359
2.002799	4.793852	9.290665
1.645339	3.208858	8.552938
4.607808	4.883316	0.413600
4.039600	7.039135	10.892174
3.159571	5.022149	-0.453772
2.359817	3.940075	1.185787
6.578561	7.505166	6.002964
3.245978	5.040940	0.916810
2.671345	5.028120	0.898157
3.926277	3.840043	1.529995
1.768284	3.904980	9.488221
3.022867	4.516781	0.327372
2.002879	3.514897	10.141274
4.981510	5.400493	0.799057
3.417993	1.863607	5.786502
2.740831	2.715068	10.980947
4.403460	4.761741	-0.415362
1.995215	5.798956	7.891447
3.819044	4.224277	11.378634
2.125620	4.234612	2.199404
3.959240	4.790186	11.717886
6.305815	5.106378	7.625552
2.201786	5.752102	7.138757
2.235082	1.515536	7.503377
3.866779	4.873479	-0.268856
3.646112	5.373353	-0.050116
4.176594	4.373083	12.207190
1.883396	3.159157	5.570619
4.164813	6.047725	0.361353
2.396608	4.112727	10.749455
2.659695	1.605626	3.326990
4.146160	1.449450	5.237902
5.370695	7.337005	11.125974
3.980703	2.092768	6.458107
3.951995	6.097596	11.504115
3.239631	4.581894	11.752424
1.574106	1.473730	6.119847
3.076646	6.715569	9.237051
5.335086	4.989836	1.831148
4.495110	4.983665	12.099890
3.140086	4.456708	0.024169
3.937172	5.705568	-0.051777
1.092762	2.507818	5.342394
4.146767	4.089901	0.625723
1.687905	3.796944	3.188326
4.959985	3.264126	3.363930
6.109525	4.406063	8.772932
5.280523	5.332785	10.822761
2.208254	4.764195	3.479240
3.918462	2.709864	0.932994
