3.510817	2.400449	9.620547
5.191604	3.648274	3.304374
6.093670	8.465028	6.380431
2.000708	5.056823	6.887627
2.993407	3.451266	1.132347
3.590896	5.538765	0.341298
3.761867	4.061410	0.686350
3.979490	7.134064	2.652151
3.550596	4.095387	0.107972
5.421312	8.046481	9.728323
4.813492	5.329162	11.637580
3.891621	3.865452	1.039991
5.720842	4.897620	8.194397
3.388825	1.906972	6.790752
3.101378	5.201509	11.075101
5.188093	8.581870	5.489403
3.182714	3.920414	11.922139
2.359392	1.460049	6.915023
3.462921	4.406454	11.663536
5.054577	4.667119	10.771761
4.899296	5.710289	0.771557
4.531919	2.665530	9.509962
4.912480	6.271862	0.392009
4.204957	3.645143	0.594719
5.867549	6.388600	2.959929
6.058995	7.399741	4.078358
1.889153	2.659036	9.381844
3.521139	5.419629	11.759337
2.557226	4.682626	1.416875
4.007512	5.117125	11.597745
5.987827	8.360800	6.431689
5.747877	5.268148	9.623425
6.298079	8.145253	5.067156
3.128262	4.124071	11.252098
5.010704	7.301701	1.696741
4.732352	6.247638	0.190184
3.343741	1.553222	3.665047
5.431570	4.769000	10.554827
4.787724	7.131901	0.965351
4.496236	4.898328	12.342344
3.773069	3.389584	10.131844
4.455037	6.890772	1.361748
3.063673	3.722403	11.097094
3.442498	4.369764	11.845252
6.758535	6.311702	8.414856
4.933708	2.932953	7.903486
2.642823	3.291611	1.261504
3.654195	5.562460	12.345961
2.284070	2.286861	2.368149
3.686038	5.206954	11.710573
4.499746	6.102296	0.911685
4.501238	5.776015	-0.139378
1.647149	3.215503	9.307104
3.682728	4.211241	-0.343646
3.693139	4.585040	11.867946
4.061695	5.095646	-0.145643
3.546767	6.087626	0.855888
6.610674	6.852700	6.422159
2.779622	5.015839	11.421074
3.231149	4.779010	11.670088
2.060156	5.709615	8.405384
2.898170	4.853181	0.702716
4.143525	4.880332	0.074872
2.886734	5.552044	11.751655
6.382219	8.064580	5.297819
3.850394	3.147985	11.036435
4.464157	7.703084	7.921198
4.013530	5.646990	11.930511
3.821252	7.572661	4.554621
4.920831	8.018641	7.584272
6.263216	6.190343	10.105614
1.408262	3.922147	2.233695
4.713670	3.755947	10.098807
2.531691	1.163894	6.953970
4.456014	4.786908	-0.252390
4.513047	5.306472	11.975171
6.146761	7.836655	3.813256
2.508349	3.733110	11.180347
5.009957	3.701588	10.278523
3.688626	3.490268	11.639029
4.271514	4.723288	0.355153
3.853146	5.516046	12.039774
1.655427	3.426621	8.161159
5.723911	5.908813	1.580628
3.936047	5.557697	-0.229404
5.988525	7.359312	9.921662
2.528237	5.249051	10.704147
1.480595	3.329186	7.809012
6.397993	7.680038	4.593894
3.067720	4.093978	11.933071
4.925087	8.057000	9.079547
4.214460	8.285179	4.161142
2.367076	3.138233	1.679038
3.935451	4.533774	11.959397
3.007223	6.015954	3.454499
3.459362	4.436204	-0.065047
4.556881	7.556988	2.259057
4.560031	2.366503	7.011231
5.698788	3.977194	10.352603
3.744242	4.717236	0.164653
3.367009	1.738502	7.299658
3.978466	4.377600	0.486533
4.361622	5.955749	0.201425
6.558787	5.728203	3.985840
3.156471	4.755324	11.211471
5.790446	4.781428	3.908162
4.385522	2.947442	3.351398
5.683685	4.656084	3.209690
4.006066	5.093486	0.075568
4.274082	5.181598	12.628277
5.814786	8.038221	6.485649
6.546443	6.419088	5.923941
3.958672	4.951266	12.241391
4.418252	5.800139	-0.080077
4.196152	5.045072	12.248109
4.276864	8.130791	2.569846
4.733288	7.530464	1.696347
3.775983	1.651063	8.745454
4.807353	3.369610	5.986975
4.143111	4.992863	12.114675
4.354637	2.734318	1.431813
3.464953	2.938380	10.685116
5.822975	5.783605	11.061348
4.625351	4.612940	0.002058
3.082501	4.313345	11.248648
6.547284	7.400651	7.666509
4.327987	4.849504	12.143595
3.986325	4.790051	0.045652
2.336631	1.495069	9.152029
5.526248	5.728072	0.830661
4.818866	6.637589	0.643515
4.392331	6.998369	10.075001
4.743485	8.417210	5.242047
4.419300	5.651234	0.484735
3.642811	4.085821	11.418574
4.033532	5.947539	11.870191
4.278488	4.376232	11.390309
4.117309	6.459770	0.795574
2.729820	5.539209	3.153376
4.146780	3.316753	10.524308
4.301458	7.199819	10.077713
5.385019	6.196745	1.148807
3.867114	3.893166	11.844909
4.131135	4.968975	12.113786
2.073064	2.257358	7.573126
5.268824	6.579070	1.078348
2.962355	6.377347	8.570047
4.395000	3.218567	1.817493
3.959426	6.232408	0.393928
2.318988	5.776084	7.720032
3.265964	4.861146	0.486758
2.265701	3.112240	1.425607
5.699082	7.322722	1.522882
5.288721	6.075343	11.465762
4.933753	2.895732	8.950334
3.695179	5.042849	0.075015
4.464823	5.167673	-0.287519
6.654321	6.934338	6.336433
5.179065	3.944919	0.992696
3.512013	5.132761	11.902201
3.900699	5.212973	0.218617
1.664888	3.485253	3.013822
4.234003	3.557788	0.366083
5.680466	4.890581	8.538502
3.934895	4.802280	0.181940
3.690392	2.232165	4.188723
3.673703	2.330044	9.895294
2.115776	5.009226	5.980807
4.002671	2.295591	9.140117
3.999597	4.816765	0.178342
3.461673	4.898473	12.244089
2.010830	5.618987	8.497083
3.028178	4.583127	12.206136
6.445571	7.589827	7.854393
3.929100	6.405332	10.336457
5.406992	3.808532	7.123144
5.316825	5.270030	0.960316
5.845922	7.669224	2.092674
3.506464	1.504351	8.358697
4.447424	2.476365	5.054391
2.092689	3.302741	9.745186
3.420976	3.784552	10.935394
4.697488	6.268909	12.026828
3.747157	5.540041	0.403242
2.237934	5.225699	2.721239
3.667482	2.278059	3.364071
2.314094	4.676863	9.570503
6.465540	7.499537	3.630805
2.076512	2.779534	3.683221
2.334191	3.498454	10.789888
5.897667	5.411834	3.122177
2.571392	3.309883	1.313503
1.993343	1.634696	6.162875
4.312445	4.712522	0.086046
2.812881	1.491153	7.034182
3.149478	7.742460	6.138064
1.930325	1.753545	3.597665
5.112979	8.411698	4.455148
2.795077	4.014458	0.583274
3.483473	2.734572	1.427253
5.557516	4.225875	3.991865
2.098686	1.990288	7.114916
3.939461	7.430381	9.113399
3.744146	2.189902	9.943399
1.598370	1.732163	5.026083
5.102986	8.471763	4.285324
6.041606	8.379419	6.787824
4.020133	5.307618	11.887752
3.905211	5.740471	0.318645
4.218400	3.894226	11.398336
3.166711	6.785409	2.644860
4.852278	3.433597	8.576935
4.095362	5.549157	11.687240
3.546758	5.712834	11.048649
1.588240	5.224112	8.808194
6.008787	8.231441	6.981849
3.254023	6.168237	10.940021
2.870885	4.217339	0.854508
3.999019	2.317601	2.390284
2.114846	3.319288	1.421030
3.880375	5.019788	0.164027
4.570333	6.074124	0.414728
3.503958	5.380865	0.012981
2.787773	7.339595	4.083544
3.781967	4.997583	0.364535
2.717281	5.688497	9.509666
5.610798	8.134179	6.584882
6.677237	6.320694	6.063950
3.223112	6.984104	8.257546
4.706166	2.548199	6.573877
5.710338	7.507924	3.055860
6.426955	7.821227	4.034942
3.666536	7.883324	8.097558
6.151238	7.379522	8.432979
5.536561	4.938904	1.038947
6.430141	8.245503	6.473573
3.507240	7.212136	4.826695
2.740166	1.835810	8.073750
6.109604	5.674846	9.323464
3.872387	4.576924	0.438966
5.069797	6.923030	11.327395
6.701682	5.868202	8.809814
5.306842	4.636183	2.449670
5.497370	5.269083	0.925618
3.898337	3.837648	11.624164
3.717192	5.473728	11.718758
2.746957	4.305723	11.892328
4.108749	4.545316	11.608085
5.390200	3.394896	4.870200
2.783237	2.272779	1.254956
6.339864	7.144326	9.193197
4.292600	5.220616	11.353794
2.685831	5.056273	1.534931
4.383690	6.252790	0.393914
3.740824	5.181869	0.639332
3.819535	5.687107	0.051609
3.667095	1.865917	4.397262
3.853551	8.143360	4.442066
3.886374	4.777100	0.204529
3.967645	4.247048	0.302288
2.281789	5.734394	8.025071
4.711548	4.889634	11.844555
2.885847	2.260324	9.777280
2.705472	6.524369	2.221772
2.162125	4.955824	2.797603
3.415272	6.185073	9.923836
3.763815	4.619872	12.077541
3.221532	1.450697	7.467683
4.757639	5.870782	0.052726
4.474776	3.928675	10.713741
5.120712	5.156610	0.855556
4.351731	3.435047	10.056805
3.779560	7.752987	6.515461
5.038320	7.582951	1.980131
4.376724	6.031884	-0.187118
3.969939	3.285101	0.733511
2.672823	4.791727	0.963753
3.044698	3.348351	11.268978
4.068360	4.911489	-0.192067
6.267984	5.345594	8.056910
4.562037	8.008543	9.694212
4.421773	5.031900	11.928859
2.529816	1.897618	3.982272
2.118068	5.995992	6.315121
4.927498	7.606788	9.775652
4.158147	5.061512	11.842938
5.951140	5.553177	2.819464
3.483525	7.474360	8.601116
4.039212	5.477541	11.608736
4.611068	7.508376	10.967401
6.547836	6.166564	4.377800
4.674081	4.877370	12.075775
3.932278	5.544660	-0.054475
4.219433	2.948711	2.111800
1.253969	2.818561	7.226463
6.008076	5.679892	10.426828
3.820621	5.612132	11.182406
5.323905	6.092190	11.292332
6.776174	6.562940	4.838788
3.313748	5.073581	0.462530
3.708102	4.554142	0.539288
1.339255	3.391049	4.571358
5.758686	7.232723	10.914369
1.743241	5.017956	3.239955
1.888073	3.744797	1.916449
3.966960	4.159071	11.772569
4.792135	6.793875	11.007335
1.634649	3.067363	7.213703
4.859344	6.220900	0.129543
4.857540	5.106583	12.031262
2.023062	4.141635	9.457341
2.893227	2.608415	0.597584
3.616385	3.970518	0.284149
6.591224	8.108169	4.914866
0.942576	3.164185	4.345636
6.253651	8.142635	3.343241
3.970884	3.768839	1.084614
2.193890	6.285417	8.685465
3.393048	3.156595	10.185564
4.956221	8.325601	8.128533
2.329217	3.372342	1.439453
2.614465	6.137019	3.175509
3.162664	2.964503	10.807349
3.873827	4.984662	0.060052
1.189175	3.983513	7.997704
5.626032	8.359418	7.068006
2.598782	6.820136	5.714010
2.353559	3.304131	1.251275
3.381884	4.409301	11.797847
4.753666	5.921757	0.394371
3.899182	2.936221	10.751467
3.055449	2.706111	1.375953
5.677747	7.345973	10.828544
3.033760	5.452206	0.967732
4.778638	8.168289	5.040350
4.169419	7.908443	7.695097
3.984741	7.341705	1.476261
4.712351	4.864517	11.895665
3.022622	4.733706	0.695232
4.393775	4.194553	11.473293
4.631523	7.779862	7.276852
6.109964	8.447761	5.824259
1.203123	2.942658	6.981852
4.069155	2.590318	2.510554
1.742197	3.391552	10.710207
3.153858	2.570230	10.889909
3.607423	4.043578	11.808964
6.738061	6.397439	8.133742
5.348940	6.239758	11.096963
5.812777	8.302840	5.729527
6.203015	5.840435	6.558926
5.373671	7.197867	10.038169
3.947182	5.072349	11.959886
4.784375	7.802769	2.512105
5.079865	7.250747	1.059089
3.326515	5.748794	11.633833
1.876574	3.768885	2.440617
4.641180	3.933045	10.950964
4.066857	8.051894	6.227455
4.462166	6.206250	11.954574
4.358872	7.921465	6.537794
5.676941	7.205070	1.905776
4.896787	6.209314	11.607601
2.712288	6.248904	9.636338
6.596034	8.034051	7.084152
4.413518	4.090803	11.543919
2.326623	1.522947	7.075166
3.824036	4.619173	-0.087921
6.261990	6.310012	3.481307
1.218504	2.584317	8.093049
4.580782	7.737174	1.729919
3.595989	5.172723	11.225209
2.011558	2.340774	8.056161
3.024157	6.935170	6.050670
4.442592	4.108022	0.625143
1.059657	2.753347	4.813511
4.030633	7.865597	7.879888
3.796225	3.077535	0.830327
2.386397	4.909383	3.146341
2.107952	5.790471	3.311782
4.752343	8.083771	9.582307
3.767144	3.353455	11.136139
4.678652	6.811940	10.826803
3.510362	2.361044	9.492812
3.212348	3.608348	0.755663
3.798577	5.333461	-0.063118
2.101000	2.498147	10.126139
4.403847	7.930021	1.906591
6.139457	6.611943	2.544324
3.465799	1.794202	8.175475
4.130925	4.274252	12.107059
3.254464	2.848104	11.009122
6.492933	6.572383	3.472692
3.588128	4.925643	-0.354837
5.001488	4.186181	10.656754
5.637514	8.353224	4.170993
5.393850	6.573557	11.128996
4.762000	3.947748	1.661270
4.221122	4.555277	-0.247259
4.680073	4.862911	11.792576
3.864783	4.012397	-0.040522
3.879654	5.571629	-0.035430
3.600688	4.460126	-0.065780
5.753252	7.483474	9.395651
3.859390	3.154092	10.347856
5.919849	4.564420	3.828039
1.741398	1.222967	4.771681
3.201762	6.890938	2.708451
3.904900	2.256745	8.746139
4.783930	2.983205	8.622527
4.059722	4.803383	0.087204
6.116004	8.209866	7.727041
2.611247	6.536318	5.797503
2.718546	5.031568	0.754226
4.275999	6.612731	11.612050
4.554819	6.218503	11.712830
4.871412	5.896807	0.605630
3.475392	4.020727	11.796335
3.711750	4.469254	0.183531
4.429810	2.447339	5.345186
2.993353	6.872771	10.207858
6.323774	6.732870	1.997426
1.619591	4.443851	3.552560
4.684492	5.457410	0.460600
3.313337	5.913535	10.675733
2.003364	1.675036	6.566002
3.524443	2.366101	8.793978
6.228044	6.355681	2.994092
4.505682	5.638998	12.158179
2.573683	1.607102	4.661906
4.010403	6.459844	0.767994
4.852902	5.011741	11.998125
6.125764	8.128195	8.388964
4.129122	2.021654	2.759360
5.126321	3.504088	4.140130
4.246253	2.173719	7.405885
4.108171	5.612616	11.890176
1.874524	4.171872	4.752572
1.769321	4.228839	4.173532
5.122506	7.221270	10.945705
3.613531	2.466887	10.554997
4.548501	2.440056	4.365379
5.744159	5.972796	10.696622
4.257075	7.183119	1.976130
2.203910	3.735755	1.220661
2.947937	5.507252	0.965563
5.279780	5.256275	10.308882
5.285236	8.526550	7.918353
4.085414	4.753446	12.098670
3.157393	5.712061	1.551810
3.441934	2.701130	9.809565
4.694780	8.109964	5.041749
3.558788	4.881196	11.864882
5.817316	4.855645	1.889536
4.790938	7.851742	9.055778
5.003978	3.202217	7.563139
1.904060	3.375933	11.090722
6.188254	4.748590	4.157558
5.981440	3.767114	8.473171
3.971439	4.626553	0.268234
4.055438	5.049642	-0.120826
3.303683	4.430922	11.751655
2.856793	6.497845	8.328213
1.504138	3.688780	3.847488
4.012739	5.047676	-0.114300
5.833489	7.217492	9.271895
4.052616	3.092117	9.944929
3.551374	2.541206	1.559778
3.914498	5.025665	-0.255465
4.258798	4.952502	12.092894
2.173386	1.779763	2.066014
2.770655	4.095543	10.956167
3.060001	4.738531	0.087006
3.849499	6.707202	11.098998
1.830888	5.217416	5.848125
1.907031	2.962753	1.762818
5.052946	6.441644	11.462090
4.625980	8.163484	9.546007
3.952512	5.698431	11.741764
4.188469	4.328428	12.051196
4.793029	5.397415	0.021413
4.368931	8.032046	8.998811
2.213597	1.841730	3.280948
3.562242	6.150831	1.539537
6.634703	5.798277	5.558923
3.718274	7.516000	1.546216
3.515702	4.407362	11.876618
1.707638	2.636434	3.865702
3.562084	7.827359	8.780910
5.462050	4.874727	2.104194
2.762012	3.730760	1.346140
5.304222	7.448786	10.306010
4.596490	8.526976	4.443976
4.232764	4.527134	12.064907
3.532863	6.557293	1.722451
3.079996	5.326258	11.091529
4.594619	4.990236	11.725480
2.218432	4.366792	3.309547
4.202215	8.398163	7.470733
3.024571	1.817945	3.544467
4.141187	5.348963	0.482390
3.602444	5.513883	12.018147
6.714839	7.835314	6.139114
4.538450	3.647659	11.442567
4.406559	5.950520	0.167855
3.574714	3.170179	11.641564
3.640686	5.809042	11.845423
4.096376	5.258957	11.607982
3.998311	5.599870	0.187125
3.463467	5.567910	0.075512
1.962229	3.809025	9.712482
1.356342	4.734730	6.509449
6.293748	6.612601	3.646283
3.066259	4.124481	11.131653
2.582829	6.021373	1.267292
3.693335	2.770944	2.771868
3.159695	7.178377	2.580897
5.241679	5.850931	0.794402
3.930308	4.532953	0.268744
3.062122	4.877950	11.614891
6.214833	7.533565	5.060179
3.335215	7.204922	8.606071
2.710757	2.577057	10.142150
3.133170	4.687562	-0.509183
1.715371	1.520970	7.723957
4.957383	5.995817	11.630960
2.783945	4.692491	2.203230
4.692567	5.206878	0.485153
1.955254	4.979251	9.748312
2.753128	4.263048	-0.007936
5.930573	8.284294	9.730466
4.335167	4.773507	0.127768
5.614746	5.815569	10.709698
4.144401	3.924568	0.192855
4.297496	5.772870	12.245818
6.335546	6.166220	3.864804
3.164139	3.946394	0.256131
3.272959	2.003187	3.758492
2.567929	1.922856	5.838737
1.826484	4.758503	5.412610
6.389291	7.842732	6.315897
3.659038	5.970020	11.095350
2.750896	2.144438	7.741393
3.297797	3.849841	11.772490
3.396987	5.177698	12.050307
4.040179	5.444434	-0.182083
3.492995	4.500842	11.804261
1.788605	5.618980	7.534137
2.131752	2.034912	8.791723
5.814398	6.310917	10.770165
3.791578	4.885521	-0.108389
3.719238	6.289016	10.807858
1.575125	2.766633	8.559522
2.443127	1.816121	9.241166
5.484755	6.703356	1.219479
3.222020	2.555311	1.234055
3.512132	6.073321	0.294594
5.876578	7.794563	3.353809
3.122276	4.768517	0.753036
5.344610	3.710348	4.891660
3.758147	7.500022	2.483011
4.379104	8.145610	2.929448
4.074439	4.991162	12.033884
1.797607	2.630497	1.715470
2.889466	7.331785	5.801719
4.204039	7.227147	1.595485
3.980252	7.335734	8.662594
6.028697	5.767930	2.307586
4.465568	6.737950	1.213879
3.787875	5.376605	12.259958
3.491128	7.147090	7.021147
2.867297	3.706266	0.962747
6.265780	7.348553	8.789933
3.642156	3.949054	0.296351
4.114790	5.740078	0.279912
5.131682	6.029213	0.178366
4.731603	8.313840	7.440129
3.447391	6.027141	11.281283
4.671211	6.910378	11.080376
3.870965	5.962836	11.986989
4.285075	7.787927	4.627047
5.884612	8.335858	3.515102
5.037539	7.049666	9.863583
3.673709	5.832388	0.423953
5.979132	4.379117	8.049643
1.132202	2.569662	5.041661
4.310996	6.014356	11.705757
4.575597	5.026028	11.468317
3.408455	4.794844	11.985476
3.317504	4.607819	12.066291
5.740611	6.326350	1.147739
2.482786	6.345494	9.383906
2.813664	4.826282	0.327042
3.987199	2.213400	2.442783
4.508649	8.571310	3.676854
3.756664	4.510072	12.223262
6.279790	6.879976	1.923339
2.366230	3.440161	1.078109
1.286054	3.879650	5.374253
3.497715	5.389213	11.855523
3.532721	4.561841	0.272669
3.865589	5.173852	11.879479
2.098848	2.499948	8.024605
1.556733	4.969668	5.148013
3.742528	4.759597	11.804748
1.651775	2.356490	7.249693
2.757004	6.159923	3.051813
4.050128	4.822620	11.757853
3.513028	2.823036	10.509947
4.178657	4.549851	0.216835
2.325228	2.332821	2.788542
3.221063	1.290972	7.342523
4.379020	2.873501	9.771386
3.750214	4.656642	0.406808
1.313840	2.759747	4.289057
2.706521	4.438564	0.675872
3.204542	4.031208	0.131544
4.149023	4.907578	11.806234
5.576096	7.802655	1.324812
1.803825	5.166903	6.342202
4.837724	4.837626	0.582394
3.496974	2.362124	10.668833
3.844607	4.077237	12.493464
3.953874	4.838108	12.219840
3.927539	4.909430	0.424609
5.769307	7.975404	4.299833
1.585347	3.493131	5.801000
2.926785	5.222474	10.675203
1.989457	5.003721	3.515807
4.044805	5.857563	11.926577
5.978052	4.563949	8.795154
1.892668	3.117810	9.893451
5.215298	4.996522	10.829090
3.525556	7.371968	8.287121
4.132494	6.142593	0.379671
4.105696	7.024019	1.416748
4.459876	8.419133	7.527437
3.149635	3.443111	0.761474
4.280448	4.005957	1.115780
4.607386	4.029019	0.469691
4.978365	5.116953	1.229206
4.016712	3.909802	0.011021
2.623208	5.266187	9.291739
4.822554	3.529206	11.143059
4.283087	4.201233	0.290434
3.357377	6.701458	9.222735
4.000872	4.607695	0.022652
5.623097	6.691443	10.511439
4.370504	5.378709	11.858246
3.328673	3.755678	0.472629
1.503264	2.424065	7.813692
5.457945	3.879825	7.794562
3.546596	2.141564	3.403881
3.854609	3.836460	0.123317
4.844663	8.544064	6.877636
3.639416	2.358546	8.602104
3.371048	5.517449	12.208301
5.383594	4.789931	10.867864
2.259265	5.260511	8.040778
3.987178	5.981655	-0.052780
1.267035	2.157758	7.024296
4.888792	4.892572	11.687522
3.057945	7.298432	7.502651
3.386843	1.668078	6.795042
2.977730	5.271320	1.825278
3.560162	4.948790	-0.125894
4.444609	4.868139	0.341794
3.677229	3.568411	11.707616
6.263702	7.477759	9.073353
4.537522	2.840071	8.069087
1.755903	4.021600	9.791247
3.265262	1.645770	5.371978
2.452749	5.077869	1.178279
5.066345	4.413917	10.962652
5.834667	7.543031	2.555210
4.121972	4.907273	11.844341
5.045749	4.463038	0.799141
2.568632	6.054077	2.108069
5.900852	5.266876	9.056529
3.064848	5.370209	0.961394
6.472391	5.362609	7.138429
3.900641	4.749380	0.273915
3.777840	4.244737	11.508293
5.558918	7.655194	10.274915
3.804242	5.074542	0.034156
5.666862	4.929860	10.317346
3.650979	3.917296	0.309007
4.695997	7.184079	11.485064
6.010096	4.851312	8.530649
3.329693	1.131222	6.242909
6.206829	8.126526	7.469034
4.692313	2.540689	6.992692
4.925862	4.731203	11.894544
4.016358	4.853879	11.990451
3.921238	2.601236	7.411817
3.041438	4.296596	11.936470
3.141582	4.192389	0.848158
2.997806	4.852813	10.981920
3.460995	6.779310	9.427065
4.432734	7.076749	1.404314
2.490295	1.764093	8.478854
6.133656	5.719543	2.375283
3.122372	1.403078	6.068478
1.569844	4.095318	5.279099
3.017912	1.680744	8.517011
1.456146	4.815426	5.354633
4.720845	8.037312	7.176724
5.782785	8.311853	7.755532
3.827297	4.966397	12.326493
2.770410	1.946213	2.803495
3.377948	7.030337	9.702204
4.308108	5.163425	-0.591880
4.337413	8.474213	5.159783
3.182009	3.018654	1.306207
4.376643	5.118800	12.355678
1.936822	2.188591	2.681747
4.021483	1.941344	5.012332
5.216542	7.760722	3.036648
1.751425	2.409012	6.080408
4.137025	2.835613	1.815083
4.068443	5.171887	0.693660
7.033986	6.761636	5.978359
3.623298	2.162264	8.650769
2.630553	2.225860	9.997381
2.057932	1.672404	2.823258
6.055481	4.622411	7.348477
3.602492	4.920518	12.224036
5.268715	3.772055	2.625913
4.182233	5.259569	-0.407216
1.977970	2.999160	2.846482
5.405175	7.776190	9.387263
2.116317	2.946154	9.476148
5.437182	6.601769	11.289552
2.367334	1.146668	6.571655
2.873312	3.765772	11.408283
5.082509	3.710368	2.865009
5.202942	7.159208	1.302213
2.898322	5.381446	1.062933
4.079354	4.451093	11.722049
4.293463	3.253638	1.432180
3.535374	4.330507	0.028224
1.606500	2.323020	2.958277
1.763020	5.130369	5.018327
3.335496	6.710025	10.105376
5.173770	6.057686	10.811035
5.580713	8.266649	3.242654
3.093577	3.202473	10.883509
6.127187	7.743446	8.819178
5.003678	5.252217	11.212948
3.062576	5.689185	1.643866
5.779669	7.588550	8.128835
3.943015	4.458208	0.523229
4.328953	5.255516	12.121838
3.647173	3.673842	0.705968
3.244759	4.844880	11.804133
1.516781	1.921042	6.368660
4.825067	6.772708	11.533410
4.094705	5.238206	0.365688
4.640438	3.449838	0.780057
2.371654	1.101108	7.605249
4.422538	4.694090	0.230864
4.068619	6.447461	0.890911
1.601343	1.284389	6.148693
5.558062	8.446057	3.014249
3.983301	4.946343	11.666937
3.131156	3.881810	10.857194
4.345553	7.714373	2.042008
3.688684	5.211793	-0.079790
5.170431	3.906501	9.945166
6.186408	4.828880	5.080366
5.100977	5.738251	12.194753
3.976755	5.115138	-0.362241
2.698469	4.346437	0.501429
4.089328	7.341917	10.562383
2.170900	2.328566	7.248027
1.749253	4.558905	6.142924
6.498692	7.178569	8.224819
4.025809	1.880015	3.942623
6.324309	6.679827	9.865979
1.758978	3.101638	8.527799
1.253212	3.832688	5.049727
4.192092	4.386030	-0.140338
5.899144	5.997756	1.747195
4.013501	3.387741	11.632609
4.693659	7.319304	1.038509
3.268364	6.180558	10.899263
5.948712	5.586430	2.570522
2.917166	5.455087	1.406237
4.911189	4.045758	10.710845
5.988301	8.451439	3.363710
5.440108	3.956608	7.592748
4.010948	3.748972	0.881592
2.303115	3.446526	0.858188
3.866549	5.655519	12.163538
4.057245	4.871581	11.769487
3.361853	4.736244	11.703178
4.864435	4.932235	11.067216
4.553262	6.981711	0.696028
3.248862	7.301325	3.492201
3.230402	1.643407	4.587106
3.564177	5.896138	0.294824
4.166504	5.569877	0.035415
4.816848	5.575887	11.824332
4.054653	4.561881	11.651170
2.593258	5.845137	9.352209
4.522356	3.148482	3.791627
4.201176	8.048653	4.149260
3.128315	3.367719	0.909877
4.508874	4.589647	0.026874
3.674759	4.891086	11.816368
3.374917	4.216120	0.676869
4.243043	7.955566	2.341537
3.775136	4.557896	11.577936
5.609072	6.307270	1.330280
4.287877	3.624381	11.182443
5.694325	7.968043	8.626277
1.637964	4.305848	3.313657
3.911910	3.932125	11.377723
2.598724	7.904367	7.718041
5.673135	3.733494	7.239364
5.814140	4.482880	5.191409
2.199997	6.167993	6.718897
4.340610	5.788070	11.453962
5.083108	6.496326	11.864106
5.238857	5.172952	11.286364
3.516750	5.025835	11.739144
1.684785	4.928741	4.158482
4.033830	5.007686	0.230251
5.328793	6.085024	9.893171
5.100033	6.271890	0.875513
5.407536	8.387378	8.338117
6.598225	6.296772	8.011336
4.224102	5.151569	12.280945
2.526482	5.455638	9.725733
3.358529	5.143994	11.232812
2.646547	3.310741	11.317712
4.522430	5.707544	0.786370
3.534487	6.379432	11.073376
3.599558	4.978548	0.044340
1.776232	2.526779	8.686838
3.885485	4.345076	0.027550
4.317392	4.438530	12.328389
2.092081	6.266172	4.275818
3.378808	5.722015	10.718313
2.466070	3.417662	11.124586
3.805478	3.416759	11.339391
4.233078	4.608125	11.956068
5.032523	3.252954	3.231128
4.092572	4.854501	11.902043
3.518301	3.728886	11.058329
4.191389	3.048288	4.533381
5.403528	6.611338	1.055999
1.991752	3.633176	10.388490
5.028848	4.912889	11.099158
2.552066	1.607823	7.696683
5.015414	2.978284	6.370372
4.108913	5.639546	12.221169
5.633328	3.549414	7.105185
2.921835	3.040380	11.109781
3.792065	4.950321	12.092868
2.611331	1.839235	8.955177
2.179645	3.537895	1.810626
5.984379	7.589873	4.759354
3.789223	4.688154	12.042162
6.245949	6.507020	4.732297
3.003949	1.955558	2.665653
3.272140	1.472396	5.064169
4.893531	3.799189	9.857458
1.773484	3.550106	5.527933
5.367696	7.619420	9.325027
4.604511	5.349625	0.209309
5.958756	6.317964	9.467871
5.315216	7.599585	9.671138
1.320995	2.325992	7.176851
4.425447	4.702716	11.879431
1.487913	3.572660	3.181300
1.975205	1.633505	8.725920
4.263871	5.645233	11.966653
4.673721	4.924242	11.784553
6.499421	6.339841	6.801631
5.635192	7.071379	1.890275
6.774908	7.651524	4.528552
5.436845	6.002478	0.238820
4.279682	6.692266	0.756185
3.827625	4.565187	0.733382
3.036939	1.620346	9.160717
1.265940	2.656002	8.512532
2.630519	5.744082	7.678709
1.840013	6.352444	4.945128
3.454937	6.882347	5.831907
3.096445	4.386457	0.239656
3.421452	6.686460	1.705456
3.055799	6.187402	2.457369
3.742902	4.323869	0.254655
2.704149	6.409026	2.513291
5.546201	5.271576	2.069645
6.268795	4.805552	4.083856
2.371239	4.425820	7.635070
1.968470	1.613944	4.335220
2.498121	4.288263	1.433721
5.225457	3.901223	7.177169
2.712569	6.757743	6.648083
6.338161	5.175298	3.364032
4.769305	6.008665	0.240739
4.105538	3.640215	0.598907
2.506808	5.964230	6.281082
5.057646	7.253999	10.459778
2.324246	5.879570	3.606183
3.101377	5.206256	0.716374
3.930453	5.395209	0.407614
3.636919	5.713352	1.430760
1.655854	2.645062	5.552836
3.816724	2.056236	8.383206
3.909710	6.809223	10.928662
3.522347	2.033983	3.475421
4.453455	7.429378	2.273305
3.294501	6.898987	3.001910
1.825511	3.953453	3.960129
5.374758	6.914437	2.082037
6.479700	8.121563	6.474762
3.667816	2.392379	6.891002
3.732616	5.581293	12.112549
2.073680	4.592282	2.005056
5.113658	7.376275	11.101180
4.694992	7.163907	9.718776
3.921513	5.411322	0.006144
4.153944	7.530216	1.524088
5.528508	8.684416	5.785628
3.163527	2.794669	1.496918
2.801759	3.172746	0.847565
3.601733	8.002320	5.182269
5.838370	8.652658	7.688343
3.094013	4.422901	11.703729
1.583195	4.118418	6.357879
4.546208	7.194686	0.664659
3.904665	4.455526	12.238454
5.522719	6.946214	1.392717
4.116042	6.076362	0.445077
4.991387	7.458570	1.541567
1.145506	3.490625	6.189068
4.228017	5.246878	-0.139316
1.420212	3.148213	7.098165
3.681595	4.303793	-0.334966
3.127069	3.107184	0.896385
6.908021	6.962684	5.972760
4.075088	6.108213	11.598236
4.241817	8.413635	6.499234
1.720737	1.257315	5.316370
2.585390	3.579975	1.084888
5.013957	6.355562	0.442751
5.974658	5.055389	7.530356
6.741133	7.554654	4.781623
6.101718	4.201404	4.904961
2.688966	5.239136	11.190411
1.529911	4.611814	4.463973
4.033533	5.093897	11.797675
2.900285	4.448339	0.863498
3.792220	4.004351	0.567084
2.504960	2.918624	1.477053
6.019637	7.463778	10.163839
3.592538	3.960289	0.710701
4.789905	4.186484	10.673008
3.644764	3.915953	0.603716
6.138353	5.288873	8.748621
4.213146	5.287167	0.513444
3.555823	4.574013	12.224436
2.673371	2.281441	2.528325
3.654073	7.892602	4.921868
5.641820	6.534883	1.799644
6.344565	6.815396	3.883433
3.686193	2.122119	7.888799
3.323912	7.703999	7.079881
4.344287	5.739029	0.128746
3.740256	1.876039	6.699575
2.910405	1.403803	4.198619
3.914441	4.350992	11.962799
4.000159	3.296602	0.465014
1.964842	4.305635	9.839717
3.769926	8.556114	6.085259
3.764183	8.120665	8.623998
2.242257	5.821042	5.547973
5.644836	3.688209	10.042149
1.687747	1.910944	5.649613
4.515389	4.922164	11.453779
5.621621	7.910957	8.564820
3.670608	4.629099	12.138141
3.719909	5.055883	11.915522
6.683105	7.234419	6.673507
3.519350	5.210181	11.790215
6.019809	7.558256	9.843733
6.567500	6.415862	6.771310
3.484641	5.284047	11.615316
4.896358	4.686715	0.518116
1.526861	3.945782	4.163409
2.870894	1.779963	3.737202
3.825048	5.103042	0.208152
5.534252	6.491403	11.045349
3.470759	4.442398	11.832450
5.732041	3.784293	9.497514
6.549528	6.860186	6.279113
