4.967148	5.893004	11.866006
2.450143	5.125278	1.227536
3.215563	6.968317	8.611783
4.827582	4.537808	11.610464
6.389432	6.695646	9.646431
4.432054	2.661746	10.507779
3.140098	4.702390	11.884944
1.397692	3.371972	5.660565
6.450128	8.081170	5.741254
1.358598	2.547159	5.392851
2.348973	3.155213	10.476436
4.832318	6.986267	0.937757
2.923165	1.504307	8.621372
4.232008	4.535257	0.304914
2.253328	1.583906	7.669780
4.039793	5.184058	12.118861
2.576435	2.003889	1.980656
2.842734	4.246486	11.557163
1.728164	3.744671	2.549035
5.056673	7.068665	1.721860
4.588643	7.898366	5.258127
3.798444	2.630957	1.954102
3.456170	4.167321	11.449531
6.125806	5.983633	7.836728
3.330342	6.937975	6.046282
4.464370	7.726201	2.792312
2.850689	5.170239	0.115907
4.580225	6.592593	10.809756
3.421795	7.105276	2.477930
5.666456	8.198733	4.514652
3.744198	4.985847	-0.327410
4.158333	2.415634	3.696489
5.829678	4.492481	10.360910
6.280384	6.776933	3.316771
6.134478	8.778382	5.273873
5.720007	4.033464	3.635630
3.620471	4.864996	12.283157
4.005968	4.882833	11.895075
2.244083	1.316165	6.060295
3.117591	2.872428	0.935711
4.260889	3.800751	0.741397
6.002180	7.110412	6.283403
4.588559	8.052343	2.894583
3.649690	5.064165	-0.266263
6.192067	6.754705	2.749793
1.878038	2.126598	4.138358
5.222776	4.904883	1.866796
4.932032	6.097895	0.964610
4.148519	4.788610	12.151000
6.292529	5.415271	3.133689
4.878653	5.268919	11.496278
5.099435	5.396649	11.482223
5.786048	3.247736	8.678039
5.898044	8.448544	5.523388
4.350035	5.080028	12.070275
2.659744	6.075060	6.221165
5.644848	6.958157	1.643992
3.345561	5.395422	11.479499
5.623983	5.151738	5.607475
5.829849	4.741973	2.371141
3.758694	5.278276	11.812225
3.875790	4.803859	-0.246327
4.765114	7.206376	10.282976
2.380349	1.467094	8.043049
3.252637	5.545097	10.818636
4.006748	4.989849	0.237998
1.570053	3.322642	8.402457
1.457850	2.739747	3.587604
3.602930	7.978509	9.371289
4.145965	7.381289	1.591244
4.031045	5.044289	0.094828
6.409536	7.120809	8.490716
4.193721	5.087883	-0.190956
5.134183	8.552187	8.027456
5.367468	6.214854	11.114334
4.902588	3.594838	11.137038
5.700530	7.755827	9.411909
4.197993	5.254495	0.290636
3.288706	1.494525	5.777458
2.395300	4.493627	2.194214
4.265924	5.799758	0.011830
6.307746	7.551371	9.059323
3.605692	2.578999	1.796825
4.277507	5.938222	0.708033
1.310588	3.517050	6.067758
5.596919	7.825583	3.194792
4.238248	3.642000	0.870471
6.620694	8.208972	8.195068
1.630877	2.717714	4.824167
3.963156	5.583664	11.531645
3.043362	4.288496	11.920745
4.154134	5.066076	-0.024608
6.048723	5.383617	3.368965
4.117853	5.191008	12.437667
3.201515	3.131776	0.846116
4.579267	5.131682	0.274994
3.387032	3.801782	-0.022515
6.440538	5.902504	8.989531
3.684916	5.519968	0.269298
2.965384	2.309401	1.491057
3.777373	4.807744	0.053482
3.910727	4.745733	12.007748
4.351778	4.821958	11.993933
4.227275	2.206761	2.419917
5.211386	8.207415	3.801855
5.442581	8.254299	3.470587
3.456971	4.326914	12.017464
4.517950	1.947036	8.015238
4.090517	5.400114	-0.280701
5.028695	7.929009	7.908290
2.490443	5.929978	8.933062
5.614892	8.154089	2.571744
5.793824	7.283303	2.056082
6.265249	4.600175	5.828114
4.106751	5.303145	12.457630
4.537572	5.431299	-0.069206
4.502480	7.672630	10.387851
3.986225	4.360687	-0.127392
3.771553	5.530764	11.118873
1.865076	3.358398	4.087793
3.659941	3.506723	10.761072
6.086328	6.458202	2.285999
4.410696	5.574055	11.722983
1.915023	4.218983	5.653622
3.064020	6.556261	1.007957
1.516257	2.790049	9.279360
3.642069	7.711089	7.805622
4.837320	7.441584	10.505116
5.474413	8.295169	10.267827
6.031152	5.406286	2.033627
2.415020	3.719908	11.389384
3.369734	1.711560	3.876809
1.580929	4.519794	5.340291
4.131237	5.371540	0.159928
3.092919	5.397524	0.170204
2.947557	2.038978	7.181018
3.972627	7.088657	3.297620
3.345454	3.377707	11.810664
1.681700	4.810714	4.283634
4.142425	4.862250	12.167635
4.499244	4.481722	11.535415
4.069537	5.696066	-0.073806
4.453048	4.458496	1.901374
6.690333	7.654397	6.270047
2.490474	1.821861	2.074970
3.699578	3.657963	11.215129
4.378887	5.076356	0.362885
1.777658	5.145118	2.608554
3.650228	4.589326	0.408762
4.215940	5.162066	-0.167377
3.126974	4.700824	11.509954
5.192400	4.708628	11.889557
3.240615	4.309089	0.033325
4.101963	4.808191	-0.278645
4.994736	7.137045	10.386314
5.561262	7.274447	2.781104
1.466192	2.736405	3.058680
3.855661	6.406439	0.494942
6.012962	7.188259	2.646880
4.603423	5.273314	0.214382
3.216883	5.631406	10.614804
4.128167	4.106733	11.488335
5.941725	6.752421	1.725504
6.820008	7.300843	4.919643
2.343411	2.156649	2.900384
6.537522	7.142996	7.504492
4.958887	8.247841	2.580730
3.285131	3.456611	0.728085
3.043697	2.582977	1.578010
3.502091	6.531090	10.461278
3.419687	4.442751	11.927081
1.373502	2.551670	7.804990
2.369544	1.763312	3.451640
3.877409	6.614917	11.121475
4.534019	8.442465	6.158369
2.148455	5.433745	6.176585
5.875920	5.022194	9.341763
5.586058	3.833907	5.827538
3.430810	3.119734	11.399333
5.400269	8.043640	10.062031
3.135699	3.364533	0.801418
5.791550	7.690504	9.479345
3.236284	3.815903	0.352079
4.166964	2.013373	5.448200
3.276069	7.212861	6.651076
3.868116	6.389829	0.736892
2.070981	1.586178	6.252436
3.619752	3.039871	10.591972
3.666556	5.487713	0.838852
4.224795	4.754823	0.105805
6.678872	5.865917	5.275072
3.883077	4.921468	12.021647
5.380309	7.205346	10.708891
5.483657	4.783543	10.130367
1.565652	2.126275	5.978481
5.021018	5.616876	11.701629
3.488810	5.319930	11.808360
5.951321	7.297774	2.009879
1.685144	2.520710	9.150631
3.435187	6.163599	10.991198
3.662319	6.839624	8.302562
2.783593	4.982123	1.459605
4.312239	2.112558	7.292998
3.683890	1.916898	7.452681
3.136950	6.012288	0.348624
2.856909	1.819776	5.643184
3.866342	7.669997	8.755202
3.091954	1.694307	6.919007
2.890145	6.121118	2.167098
4.866439	7.293030	1.640571
6.404115	8.222993	2.668348
4.489350	5.442811	0.693115
4.202115	4.889705	0.173498
3.858808	2.752593	2.130117
4.295034	3.559997	10.657073
4.890542	2.807719	9.530441
6.274635	4.972054	10.023064
1.637489	3.971467	3.480031
2.511902	3.748445	10.886057
1.489629	2.740907	3.906519
2.519397	4.308424	11.541593
2.713340	6.843349	8.521166
4.224447	7.855122	2.438450
4.258830	7.657368	10.136737
3.581704	5.141515	11.780941
4.239580	6.268389	0.618015
4.065613	3.747361	11.789836
2.979427	6.334500	2.879650
2.153381	3.453171	1.935301
4.202210	6.644338	-0.116675
3.620353	7.288269	1.683958
3.887327	8.031315	7.684389
6.688610	7.232601	5.382238
4.061745	4.717529	12.250323
3.120816	4.066294	11.522089
3.862739	4.527940	0.234415
3.241767	7.300425	6.528455
6.149174	5.508778	10.369103
3.481839	4.818334	12.032136
5.240271	7.927526	2.711396
2.208072	1.778960	7.118191
3.214248	5.493986	1.009667
5.592035	4.685665	2.223624
5.270894	5.090844	0.438856
3.470156	4.980543	11.795981
1.322724	3.320635	7.738773
1.602550	2.585887	7.197088
5.258216	8.029007	8.555602
3.670733	4.869112	-0.278600
3.394204	3.641551	11.210327
4.532588	5.272389	0.184179
4.267784	5.351637	11.684622
5.701500	6.285142	1.509600
5.310498	4.992891	1.823813
4.952178	3.258579	2.321004
1.953996	4.221594	1.651373
3.735202	7.155729	2.873978
2.698258	4.377483	0.747240
4.608060	5.433755	0.408491
2.075782	4.385971	2.505002
5.013669	3.090380	8.166793
4.469554	3.323906	11.469074
3.847072	1.621347	6.509361
3.118615	3.425585	0.730736
5.036700	6.607105	0.941719
4.231190	7.233522	2.595046
4.770300	6.085342	0.512090
4.913693	7.652071	10.014383
4.261984	5.095344	12.319519
4.775291	4.877460	0.254868
1.894465	5.162184	9.602413
5.113592	8.359498	8.841926
1.359122	2.479322	7.903259
4.930707	4.923454	11.001671
4.762983	3.589629	2.205832
3.668319	8.081196	7.130021
1.807871	3.115495	2.690228
1.499556	3.451650	4.169038
2.426490	1.764124	4.439681
6.150590	6.515376	3.570834
3.224237	2.462185	10.460361
4.503145	6.254532	0.251669
5.716991	3.831572	7.167948
2.519288	1.902197	9.405797
4.903560	7.664776	1.583316
2.578602	2.584284	9.138123
5.681349	5.170108	10.176835
4.476372	5.094954	0.653963
1.510934	2.673863	8.099113
4.324836	5.337730	11.493557
6.483477	7.839482	3.520767
4.040192	7.633742	2.200633
4.035505	3.533543	11.358877
5.121344	5.618719	0.966310
2.248480	6.138279	6.496018
5.717081	7.745832	2.562127
4.923562	5.477433	0.359979
3.851822	4.956474	0.503871
1.506634	3.848310	6.370678
5.996465	7.462199	8.006020
3.216110	5.335131	0.243805
5.388354	5.705895	0.997719
4.870312	3.096219	2.265345
4.447948	4.918499	12.004312
4.273510	4.884863	0.704368
4.166947	7.204563	10.740715
2.083418	2.906130	2.311067
4.638005	8.390655	6.560776
2.157379	2.583875	9.602204
4.132219	3.496917	10.967273
3.960669	5.370707	12.067912
5.704384	8.149422	8.572893
3.004824	3.284593	11.212594
2.583466	3.417666	11.320570
3.210126	5.867551	10.819878
3.742933	4.935115	12.053348
4.167156	4.944428	-0.334406
3.363639	2.422395	2.134741
3.024741	5.024318	1.226860
5.353074	6.526112	0.828453
5.247818	3.577005	3.182490
3.997919	4.190374	0.655592
6.525519	6.848926	7.608330
4.026407	6.410655	0.650560
3.909049	5.257081	0.284936
4.564696	7.796521	2.012907
6.628873	7.166290	3.380554
4.079987	2.806053	9.093357
5.049166	5.671435	11.409352
3.084507	2.062201	9.936049
2.769867	7.293720	2.417144
4.607695	5.910806	0.423593
2.453048	2.672545	9.378241
3.812207	4.857520	12.023657
4.767828	6.712630	11.575412
4.073745	2.853587	10.441790
3.791440	4.642320	12.327183
2.462180	3.268445	10.640777
3.505020	1.410976	3.720294
1.928423	1.655798	5.962624
6.200870	4.770869	3.440247
1.563371	3.510119	6.329739
4.201776	5.121534	11.551826
4.254177	4.647361	-0.353321
4.135126	3.856845	12.205584
4.268810	7.967067	5.164855
6.277212	6.935521	2.915750
3.998175	7.472984	3.360458
3.025974	3.116613	11.407203
3.776063	8.033633	9.735584
5.010824	4.179911	1.407528
1.553541	3.895610	6.706293
4.601019	5.046976	0.176923
4.142905	5.362204	-0.063813
4.186614	1.997656	5.333912
3.739572	4.269667	0.596989
2.937955	3.921237	12.235063
3.760647	8.434948	5.852571
5.199258	8.855745	6.528217
6.598830	6.131486	5.524344
3.641898	3.690521	11.343433
2.073306	2.825957	3.311626
3.786757	6.030190	10.917273
3.657568	6.069076	11.456387
5.025578	6.914292	1.162052
5.887605	8.946968	5.460320
6.360219	7.403743	6.266171
4.677124	8.104522	2.435035
5.252842	4.471789	1.666269
3.803407	4.493469	0.259141
5.298808	6.337247	11.457595
2.740768	6.916658	4.444167
2.312805	5.122613	1.577396
4.031425	4.014751	11.935351
6.343276	5.832394	5.269815
6.159907	7.084741	3.226004
2.411696	4.209851	1.174975
6.016835	5.664723	10.036616
4.259036	4.606678	11.720821
2.527618	5.403043	9.847193
2.909814	4.430997	0.186792
2.381875	6.451827	6.133447
2.576699	4.418603	0.543576
1.782133	2.451005	2.741011
4.959565	2.012345	4.628120
2.922152	4.723134	11.712597
5.547513	5.733304	10.401414
2.719311	3.339615	11.707929
5.387068	5.016765	0.461231
5.188055	3.753982	7.943659
5.415793	7.686818	9.505534
2.130655	5.209154	8.932802
1.773434	5.538616	7.049396
2.591230	6.430138	6.950603
5.001156	5.674364	11.492711
1.656331	3.140302	2.813594
4.216114	5.097343	0.004296
5.068294	6.717946	11.267542
4.353082	4.898570	12.266689
2.485794	3.335091	0.927867
5.142005	6.429511	0.527438
2.263014	5.604460	9.219732
4.256261	4.438181	11.618816
4.424877	6.844077	0.766514
3.904345	7.522408	1.789880
3.375261	4.242220	0.187243
4.898156	3.555532	4.611948
2.279054	4.486050	7.260975
2.023551	2.782295	10.028485
4.077704	4.595161	0.199124
4.452916	6.393527	12.089407
4.342053	5.081386	11.676465
3.856162	3.391706	11.459286
3.701887	4.980553	0.062032
4.930232	7.047070	1.016063
5.148918	6.462067	11.502059
2.919104	1.541042	3.382705
3.213937	3.951457	0.668572
3.701658	5.487523	11.890323
5.232138	7.478681	10.237517
4.584128	7.567735	2.336067
5.018879	5.866381	11.667043
3.778895	3.018107	10.956230
3.914771	6.221027	11.197426
5.845030	8.395438	3.212395
5.177974	3.638409	5.406510
4.444266	6.630078	0.267081
3.803248	1.807882	2.791260
5.796550	8.493938	7.676306
5.688437	6.009717	9.292695
2.676548	5.412348	10.259777
6.775877	7.379329	4.238698
3.355054	1.899267	8.296917
1.719439	2.112996	7.975472
1.880061	3.161005	9.662687
4.028032	5.466913	11.523864
5.996024	6.636927	1.947222
2.583751	2.996670	10.387920
2.960078	4.934534	0.918687
2.737705	4.655680	11.114618
3.100101	1.919722	8.261205
4.954724	8.505315	2.667318
3.609905	4.122767	11.962882
3.582384	7.408489	7.346194
2.273756	6.008677	3.552448
3.499678	7.250152	5.928986
1.927748	4.527031	2.937707
1.602669	4.517361	8.872654
4.524868	2.580221	4.486602
5.659486	6.807870	1.150785
3.825725	5.256489	0.428956
2.962161	6.618716	8.338231
3.809547	5.090793	12.020141
3.800588	2.975706	1.928240
3.991735	4.096805	11.383272
4.026788	3.387788	10.017885
3.196412	6.736740	3.837395
3.428958	8.023885	6.489498
4.909410	7.959671	1.518421
3.645426	4.296160	12.173445
1.868673	2.002841	3.308475
6.095156	4.249200	2.615724
2.209001	4.738066	7.985844
1.244625	3.012387	4.591214
3.321220	3.450725	0.508654
3.070676	1.279510	6.106909
5.380179	7.578308	10.044462
5.762772	3.920159	4.225624
2.781558	5.960761	10.825408
3.154595	3.424809	11.518045
1.778065	2.742174	2.056891
1.961008	2.189847	3.535839
3.174954	6.162632	9.917797
5.566092	3.805739	8.733222
4.066035	3.988092	0.569378
3.798619	6.841718	2.185555
2.693628	2.301716	3.105583
4.057691	3.094551	1.231101
6.810225	7.934502	5.798990
4.047734	6.673310	1.671010
1.651885	4.665460	8.845169
2.915206	6.333085	2.351375
1.796589	3.015305	9.334592
4.011261	5.471405	12.093933
4.128137	4.827977	0.535332
3.807038	4.497808	-0.106259
4.140387	1.901227	7.446049
2.342062	5.204354	10.516717
3.750355	7.695356	7.941491
3.744508	7.723419	8.676822
4.149588	3.099130	10.940238
6.615822	8.594703	7.073898
3.731765	3.393582	11.173216
4.523439	3.742866	11.038289
1.629121	1.985304	2.682198
4.847456	7.113361	11.166824
2.566785	4.226556	10.200567
4.205426	4.300854	0.306827
6.514227	7.194376	4.776012
4.243767	4.679337	11.489969
4.098722	5.666347	12.021215
6.483894	5.554301	10.012952
1.861638	4.481706	5.178920
6.793844	6.817128	5.626694
5.976886	7.384087	2.374402
6.578813	4.650847	8.552104
4.187136	4.348056	-0.153276
3.009157	4.847008	-0.349303
3.495682	6.380579	11.760401
3.993437	3.440520	1.368985
3.099708	4.728305	11.278961
3.539115	4.777851	11.837372
5.988226	6.228346	5.886303
4.378609	6.127966	0.566182
4.553979	4.021648	10.541311
2.373212	2.667362	9.423309
6.441533	7.373824	6.553320
4.039088	4.730420	11.923099
3.093860	5.296205	11.332378
5.187655	6.861302	11.256501
4.114289	5.258914	11.592879
4.639194	8.458164	3.071248
5.050558	8.185566	8.304496
5.324881	4.896210	0.935416
1.606081	4.127698	6.906602
5.905506	8.764428	6.909899
2.667781	2.190477	9.111658
1.203377	2.610958	5.458649
6.962455	7.450202	5.482145
5.287009	7.929835	9.885481
4.793657	8.399761	5.969077
4.972564	4.587242	1.304737
3.516991	5.319968	0.406785
2.542979	2.497285	9.566437
2.122259	5.165127	2.765168
3.359337	5.138572	0.244541
2.905849	2.907958	10.446466
3.475324	3.701865	11.982885
3.891836	5.149808	-0.023548
3.896966	5.110604	11.969228
4.128193	4.573336	12.496047
3.754702	4.373980	12.285699
4.223566	4.796228	-0.360445
3.883659	1.615026	5.839343
4.289987	6.403031	0.872237
3.620775	6.277881	10.903913
4.299629	3.860568	11.300513
2.191326	3.501216	0.966329
3.373906	6.166565	10.716269
1.787616	3.656037	9.107700
3.761511	4.952358	-0.290215
3.979998	4.293533	-0.110721
5.116216	3.381275	6.584141
2.909177	4.843395	11.543576
3.853293	4.995553	11.872373
3.057352	1.627533	4.116468
6.010323	6.646255	3.316162
5.714311	8.244629	4.259910
1.178916	3.530236	4.584658
3.696258	3.760746	0.246609
4.120664	4.587914	0.347031
2.874808	2.308515	1.200916
1.917476	1.823377	8.828425
4.965842	5.030864	0.923889
2.505447	5.316667	3.449986
3.116113	5.057747	0.285381
6.323501	5.079544	9.951600
4.062351	4.901392	0.153423
5.417457	8.374364	8.513923
4.232878	4.493389	-0.108444
3.646205	5.952615	11.810663
1.311445	2.507874	5.262534
3.597438	5.154470	11.498264
5.363992	3.262853	5.418579
3.093291	6.449618	1.590904
5.150818	4.275489	0.676433
6.211907	5.624536	2.196603
6.687187	7.912859	4.534668
4.713314	2.314050	4.336862
4.316840	3.126019	11.240376
5.269629	5.858579	1.366230
4.275228	4.873638	-0.262481
5.424949	6.283839	10.711851
5.546963	7.315820	10.379227
3.317794	5.204418	0.213889
5.671572	8.620628	4.004395
5.414678	7.161207	1.121913
3.072718	3.967075	0.359841
4.736266	6.660604	11.240108
1.620564	5.486241	6.432381
2.351703	5.026064	1.465182
6.695554	8.059603	7.144722
3.673150	4.182302	-0.087162
4.117009	3.669247	0.859612
3.354303	5.125044	12.134369
3.522187	5.421306	11.162380
2.246459	5.772478	2.907967
4.531650	5.933835	-0.275143
6.031192	6.049154	9.261079
5.032949	8.172879	3.344796
3.485900	4.515558	12.104865
4.024616	4.416635	11.544840
4.004612	1.861874	7.786792
6.769882	6.838783	6.174150
5.648405	5.799895	10.994099
6.139752	7.458651	9.766783
3.969180	4.181445	0.360063
4.134501	6.682206	10.513024
4.168846	5.182914	-0.089252
3.744867	5.397959	12.213420
2.182918	1.287081	2.861151
4.686368	7.388554	10.535609
5.565417	6.854796	10.760271
3.407282	3.961444	11.459989
3.780193	5.088462	11.619692
2.080943	2.692013	2.273515
4.953515	6.430894	0.604333
2.564034	4.881631	1.955452
3.476287	3.387660	11.245573
6.016385	7.319081	10.058518
2.283673	2.013767	3.458475
3.946799	2.100287	3.670605
5.746962	8.299826	3.341036
4.342472	5.097783	12.084855
4.332238	4.870907	0.543821
4.373162	8.413061	6.442865
6.107435	5.339186	4.375202
5.664042	3.193144	6.024354
4.597157	4.548108	11.697108
4.706627	4.472734	0.867123
3.201054	4.151827	12.023603
2.803481	6.183210	6.349627
1.933206	3.819653	1.401106
4.202610	6.162447	11.797539
6.273059	7.255565	4.880763
2.758339	3.865473	1.477764
0.932592	3.321736	4.820039
4.471180	5.166440	10.922172
1.476432	4.357781	7.745529
2.870750	4.054753	1.220549
4.093996	5.405420	0.035483
4.013874	5.504191	12.116771
4.146299	4.953134	-0.059373
5.683975	6.798559	1.928383
5.272635	7.687802	1.822550
4.205774	5.418846	12.443124
2.056472	5.644499	6.181798
3.938982	4.995304	11.574099
3.270530	4.789681	0.585624
3.915264	5.159104	-0.074998
2.169576	5.936650	4.872659
2.495010	5.381320	10.331759
3.909305	3.406899	9.519912
5.203708	7.378984	1.636285
3.898822	5.037166	0.261500
1.766939	2.033086	6.153203
6.007356	6.535501	3.721401
2.257539	2.037894	4.341283
2.224096	5.586002	2.543442
2.598780	2.787401	1.004408
4.506507	7.550359	1.072745
5.348853	7.100351	11.033985
3.714565	6.965746	2.960243
4.862853	2.647984	3.426308
6.146312	5.717726	8.748641
5.136641	5.941114	11.096945
3.242580	1.361833	7.418087
5.335798	6.024507	10.811493
4.000196	5.827210	11.480338
5.679907	6.362548	1.154988
5.715208	6.940266	10.642371
5.936815	5.180738	8.832048
1.358251	2.817489	5.656149
3.931133	5.146288	0.122717
3.218031	1.365344	7.522048
5.557879	8.284478	2.674826
4.032348	5.003804	11.939157
3.424961	7.126041	9.070444
4.459793	5.496018	11.704693
2.411138	0.826710	5.891620
3.059640	3.192107	10.254020
5.746762	8.160284	3.335569
5.526357	8.851954	5.496584
2.502774	2.787593	10.379548
5.574928	4.828748	1.953589
4.704333	5.205949	-0.394859
3.941710	4.206350	0.036331
2.463003	4.838008	9.286950
4.899886	6.424317	0.873269
2.206735	5.238190	3.766975
3.315791	3.006786	0.805778
3.798819	4.698513	11.784893
1.940973	2.094627	7.316429
1.686500	3.727154	3.613769
1.744040	4.363598	6.410739
2.745592	4.285848	11.433496
4.981235	2.841201	4.635395
3.306677	5.110217	12.202878
4.304480	4.767832	-0.363889
3.459990	7.308911	6.045102
2.837115	6.574572	1.726779
4.857525	4.257624	0.408429
4.058065	5.780030	11.520516
3.976550	2.117510	5.242304
1.668395	5.953685	4.132286
5.910232	6.748793	2.196791
1.958281	4.350552	8.867859
3.228856	6.608040	1.768877
3.780549	6.050797	11.854002
5.934393	8.275309	7.592889
1.577543	4.351027	6.710187
2.518017	5.113331	1.178172
3.481705	7.332681	8.787590
4.167111	4.273018	11.978987
2.945130	5.588696	10.565876
3.512362	2.916834	11.103205
1.817242	3.581285	2.269365
6.381315	5.129000	7.825271
5.837114	4.163860	8.974340
5.091996	6.712189	11.099237
4.802934	8.001558	3.669262
3.488095	5.536089	11.983977
3.896776	5.988157	0.606098
3.622658	2.736818	1.349873
4.250820	6.121749	0.792022
3.684094	7.636272	4.807031
5.467042	8.359133	4.492579
3.215275	2.626691	9.859445
2.656651	3.955449	0.620108
1.510982	3.001994	7.088125
4.030278	7.041075	10.568665
5.757644	4.280278	7.064889
3.944148	4.948323	0.025151
1.467939	3.560302	6.656173
5.291237	7.688182	9.829283
4.488359	5.124426	-0.211567
6.924757	6.635745	6.393091
5.111315	3.140020	3.920402
2.464268	3.547576	1.191334
6.554358	6.253265	4.152472
4.570189	2.322317	7.770147
3.025383	4.716367	0.163889
2.411270	3.826030	10.490846
5.056188	4.815380	10.364310
4.664288	2.689164	4.204523
2.132266	3.120526	2.234810
4.881607	5.008060	11.802981
2.418418	3.449483	1.247805
3.265056	4.582604	0.087292
3.800064	5.085650	0.123843
1.347204	4.010608	3.006751
1.096935	2.902900	6.649212
2.865358	3.671044	0.781271
2.984951	4.450253	11.834300
1.600596	2.963042	5.210559
6.290332	7.478159	5.868184
4.806517	7.788391	9.986012
3.917901	5.005053	11.774451
2.330703	6.548104	6.514938
1.593968	3.149821	7.289566
2.996236	1.947851	1.972976
3.859812	5.783312	11.338871
5.595427	8.186596	8.135297
4.086815	3.661059	11.113730
1.107062	3.333446	5.007200
4.818553	6.532144	11.634905
5.118354	8.134607	10.838153
3.878416	5.587102	11.996930
1.665725	1.386079	6.949303
1.773598	3.083163	2.705782
1.663247	2.482187	4.336346
1.635698	4.456820	3.532834
2.324751	4.575961	0.523095
3.134821	4.334325	0.179584
5.045614	5.232253	11.336310
3.222476	4.676191	0.761711
5.563339	8.675052	6.177330
5.326760	8.083828	3.251719
2.442415	3.365942	1.198946
1.567369	3.438600	4.878363
4.986713	6.796151	11.134014
5.709052	6.578622	1.114096
3.609099	3.895798	11.478310
5.410015	3.799865	5.325067
6.780203	6.911472	6.088034
6.199808	5.714352	9.098501
3.186493	2.877332	10.940131
4.056249	5.129777	11.809335
3.549850	6.388651	0.819249
4.156473	2.464537	1.912820
2.180688	5.306238	6.458115
4.760947	7.366976	1.220517
4.319196	4.538862	0.349862
3.718668	5.253167	-0.000598
5.599845	4.524519	9.797744
1.553053	6.225861	4.172252
1.527883	4.245955	7.009005
2.959371	5.396967	-0.032062
6.807987	7.017612	6.283245
3.654117	2.557204	9.053289
6.342856	7.417028	8.296377
3.523598	4.528159	0.577334
3.986062	2.464482	3.744552
4.046887	6.238916	11.663345
3.055372	1.485509	4.459055
5.014196	6.835664	10.795184
1.848475	1.861155	3.782159
2.970954	1.837664	3.173760
4.855975	5.756881	0.221194
6.112987	8.262833	3.436601
4.056650	4.724153	-0.236818
6.037565	7.496145	9.868431
2.731951	1.360381	3.928743
1.696532	2.098571	4.173655
4.084481	2.458283	4.658933
5.222492	4.063723	1.728331
5.179789	4.887509	-0.078252
3.269780	1.598947	5.514307
1.619225	4.911257	6.623002
5.691879	8.571911	4.872680
2.932255	4.743863	11.168480
3.094808	2.770339	1.787307
4.247371	5.364390	-0.041225
3.543723	3.517640	0.333896
3.844576	6.340282	1.703569
4.840328	7.126813	10.529039
5.012760	5.388535	11.293430
4.629055	8.253601	3.532494
3.787550	4.329952	11.855180
3.961258	4.505184	0.406695
6.288617	6.422350	8.885032
4.462342	6.314939	0.396518
1.340089	2.423466	3.361483
1.994512	1.339484	6.220885
5.302360	4.920540	1.377235
4.052237	5.853380	11.770985
1.293582	3.074375	9.222615
3.802337	6.899137	1.191167
5.361695	6.422678	11.210237
1.989563	1.575765	4.820511
4.782631	3.510318	1.871498
1.330830	2.475564	4.848831
4.058420	4.772495	0.089160
5.560331	3.755986	9.156925
1.217190	4.517761	5.017557
1.649316	3.769418	3.371710
5.539780	3.493805	6.021222
1.949676	3.377732	2.694974
6.285281	4.954331	9.960362
3.573621	5.166605	12.179643
2.140315	4.874246	7.487173
4.737618	3.213923	3.271115
4.681641	2.973471	8.540083
1.333109	4.586891	6.054544
6.355994	6.668542	4.557049
4.985820	7.391514	10.431202
4.127575	4.011466	11.601884
5.224730	8.349647	8.463024
2.543307	4.647102	0.586778
3.840230	4.609928	11.792522
3.851226	5.039549	11.642841
4.247363	5.164122	11.418631
3.932779	3.943669	0.830990
4.853709	4.241052	9.971864
4.267498	2.874405	8.748302
4.614510	4.401315	-0.231925
2.172358	5.411539	7.926492
4.277831	4.727065	0.118692
4.679025	5.102320	0.364536
2.437052	1.702571	4.076157
5.420385	3.143726	9.249170
1.835484	4.800887	3.625879
4.900834	6.954799	10.669627
4.507230	4.476484	11.800425
4.002284	7.873583	7.625234
1.522185	3.181676	6.712571
5.828600	4.009821	1.727625
1.468428	4.466256	9.220251
2.531950	5.780657	2.309375
2.322341	2.008459	2.799859
4.541346	5.704613	12.445076
4.450432	3.662749	0.509463
4.078064	6.088522	11.977733
4.492979	4.851163	0.432018
6.375756	5.825756	1.027640
3.804521	2.216925	7.946453
5.113341	4.617998	9.199637
4.148455	5.508915	-0.019048
2.555200	4.469530	11.095604
6.071587	6.116756	8.215784
1.738937	4.154761	8.491822
4.952170	8.080459	10.175976
4.710788	3.958700	10.851928
6.392545	7.040496	7.431467
1.271607	2.248175	7.490284
4.156305	5.430854	0.514344
4.261641	6.034947	11.769503
2.828653	2.220862	1.992504
5.343378	3.680799	8.979922
2.896378	4.740641	11.264997
6.845049	5.708190	4.180738
3.589614	5.269887	0.235434
6.367751	4.381871	4.822343
3.476746	5.471896	11.658681
6.565181	7.314026	6.567161
2.155303	3.438553	2.643018
3.569635	4.872415	12.135413
3.223486	2.798903	1.918883
6.391933	7.241080	8.674620
3.782521	4.983271	0.326306
3.651083	2.742865	0.460353
2.912671	2.118807	9.495973
5.561816	6.139832	10.899192
4.341086	4.749394	-0.264533
2.180962	1.779638	5.477414
3.510958	6.902062	10.518468
3.264933	6.038768	1.800963
3.595719	2.049746	3.196823
2.662438	6.973195	6.461615
6.740338	7.252303	5.492050
2.693509	5.686529	9.374852
2.574705	3.198139	11.015258
1.965529	3.374087	1.461015
2.301626	4.575660	9.853692
4.866008	4.536950	10.862699
5.197613	7.222619	10.687762
3.551396	2.964688	0.926730
3.830447	7.162821	1.351844
3.350595	3.510277	11.166351
2.800916	3.009766	1.342115
3.030314	5.844852	0.669111
6.039691	5.025475	5.036167
2.110709	3.747547	1.011925
3.540521	1.892319	8.533491
3.591444	2.312154	2.468518
2.878337	6.028174	9.660949
2.959188	3.967070	11.607562
3.183808	2.435038	2.571779
6.539814	6.313371	4.579646
2.411597	6.419804	3.099611
3.483255	4.643963	0.229146
2.274096	2.693484	1.599464
3.812113	4.270386	12.324311
4.018651	4.238543	0.116125
5.869071	4.554086	6.325362
3.231182	7.449736	2.146435
3.318355	7.153118	8.749885
5.944952	8.827110	6.424861
3.143088	5.057756	0.524924
3.246258	4.005061	0.045847
3.476291	3.218798	10.717059
2.607628	4.986744	10.328644
6.031973	4.483928	4.970619
6.240028	6.109326	3.774573
5.525013	8.221281	6.266701
5.245956	4.485809	3.198012
4.324596	5.048453	-0.291451
6.692365	5.591004	5.790066
2.147109	2.277892	8.667778
5.620819	3.620255	5.024766
3.120439	4.715442	0.456368
4.169716	5.429078	0.016071
1.240608	3.824969	4.010479
5.763082	5.564897	2.049900
4.433024	8.259050	5.197171
3.594006	4.330112	-0.067619
5.501101	7.909053	1.506903
1.816089	3.718977	4.583940
3.845608	5.575679	0.026116
4.644762	5.671818	0.111017
4.719442	7.081031	11.571435
4.968970	5.760009	11.064896
6.504386	4.476928	5.293246
5.673147	6.305416	10.813195
1.662559	4.540625	8.184322
4.227368	4.519882	0.271400
4.835266	6.026502	11.390359
4.047751	5.375216	11.657930
4.751980	4.616528	0.194372
2.413734	3.884443	10.876525
3.077597	6.724284	4.326933
4.989703	6.640682	0.892309
1.588795	5.131968	4.028577
4.496277	5.461526	0.506442
4.061574	4.406703	12.150240
2.031593	4.577873	6.989542
4.808264	3.601268	2.083212
3.923238	4.912946	-0.021358
2.635244	4.435451	2.533271
4.149290	3.565661	1.313817
4.560898	2.863368	2.479067
4.139269	4.705838	0.381370
3.959375	5.015953	12.119176
5.389410	3.447947	3.400540
3.741484	7.981928	4.998445
2.446925	2.965975	1.768519
4.085493	4.906529	11.845184
5.958014	4.671487	3.095723
4.350785	6.683312	11.313092
4.242821	4.910452	11.696865
