5.415482	6.721964	2.471895
1.916514	3.392660	8.226307
1.925718	3.500812	10.327231
5.024178	8.727654	5.039370
5.015483	3.658487	1.544540
6.036656	5.784789	3.863113
5.123726	8.087834	1.855874
5.061853	7.814404	4.218207
4.208746	5.499248	-0.057434
4.243526	5.669830	0.168918
4.093927	2.260973	3.865449
2.151978	2.427846	2.965172
4.883551	7.297169	10.940051
4.204017	5.154418	0.039518
4.259356	2.050485	4.547898
3.855152	4.690691	0.534246
2.169583	2.000378	6.867367
3.703103	2.247349	1.585238
4.931509	8.526618	6.959239
6.723262	4.979453	4.565979
3.350089	6.592291	9.069948
1.655669	3.278007	4.272890
4.634166	4.978184	0.481513
5.811359	7.885454	8.893680
2.109688	5.586120	9.520786
5.184819	5.423359	11.627322
4.450511	3.251133	1.880740
3.985084	2.150452	3.760784
2.691545	1.745882	6.927001
2.443715	5.902903	8.783500
5.925144	5.776954	3.075686
2.126944	2.000538	5.523490
2.088373	4.929685	3.604867
4.293845	3.769993	11.510358
5.272413	8.332349	9.530052
4.752080	4.272007	0.123062
4.278713	5.068407	11.256222
2.786938	6.439400	4.632899
1.994529	2.135691	9.935456
1.257759	4.071125	7.495159
1.951380	2.044730	3.227754
4.583571	5.048887	0.698428
2.027382	1.075083	6.838309
4.460993	3.094344	9.896996
3.718422	5.631769	0.061722
6.895681	6.634086	4.083172
4.678235	2.726959	4.643333
4.776358	4.050614	0.256458
6.463691	6.434805	7.867715
3.457989	6.404310	11.204207
3.975349	5.356806	-0.158690
4.866633	7.656816	9.419184
2.455644	5.149685	9.727586
3.852605	2.704374	9.429476
4.262044	3.572852	10.759370
3.695192	5.563707	-0.397771
3.882325	5.151725	-0.028350
3.483449	5.112821	0.293248
5.050461	7.332119	9.140004
4.495932	3.103414	3.614578
2.260197	4.441138	10.235717
5.888392	5.415925	0.946502
3.648562	4.808507	-0.357171
5.787104	8.439240	3.662286
3.645406	3.749950	0.088508
1.971177	3.867470	9.546836
4.577848	2.139784	6.845911
3.889553	5.254749	0.637890
2.736235	3.080825	0.647184
3.756844	3.264238	1.449758
2.534117	5.270292	8.795109
2.054047	4.873886	7.176097
4.232587	5.272375	-0.421445
4.775940	8.218183	5.738128
6.010382	6.944549	10.424733
3.644499	5.629363	11.595949
4.346251	5.428747	0.264520
3.800059	3.010607	11.122252
2.594616	5.247853	8.950993
3.506462	5.266259	11.917923
5.685470	3.709728	7.782891
4.037030	4.676767	11.133131
4.114306	5.986513	12.094137
3.361211	4.367095	0.292316
3.190515	6.744342	4.396895
2.848705	4.552790	-0.352165
4.170014	6.816632	0.424646
5.137048	4.643110	7.861261
6.925876	8.177104	4.882860
6.944731	8.024407	5.538407
5.469307	6.434245	0.992382
3.486238	4.303386	11.049884
4.409854	7.411960	10.608944
2.966927	2.392582	2.126826
4.069284	5.123474	-0.306848
3.259481	7.096397	9.037982
4.830567	3.543131	9.487241
4.892392	8.202988	7.756054
2.923801	4.672683	0.008850
5.326929	6.594363	1.543842
2.992446	5.272615	11.452123
3.183884	6.746091	5.808668
5.850945	4.092889	7.317471
5.878255	7.668012	2.454148
3.330695	8.447810	4.679339
4.068603	5.566454	-0.494469
1.862266	5.137969	9.304960
2.217442	3.504319	11.260754
6.102430	8.376338	6.936942
5.682066	4.189389	4.634550
6.169720	5.965181	2.436612
5.501972	4.834777	3.156266
5.438328	4.495720	11.072239
4.145665	4.436385	11.616455
3.993555	5.348557	0.231482
5.036599	7.735970	10.533132
3.991457	8.601436	5.151594
3.018569	6.596890	1.772859
5.003133	4.723142	11.221798
4.132611	4.612209	11.983913
2.674033	3.917853	1.122680
4.234492	3.775281	11.012922
3.762741	5.498246	12.276601
3.389352	6.974010	9.510980
2.815253	5.390412	0.211078
5.347416	3.439239	7.877092
2.280206	1.494450	1.868536
5.164740	4.020110	10.097990
5.088261	4.207934	10.839199
5.029155	8.277855	10.427283
4.740741	6.245189	11.642410
2.523504	2.552052	9.984400
6.100461	8.135485	6.225605
6.139457	5.585054	8.683483
6.763478	7.241897	7.739463
2.961616	3.330313	10.837879
4.163549	4.147292	12.406762
4.884543	7.716436	3.509752
3.299065	5.129263	0.434898
5.766789	6.610407	0.925554
5.536849	3.241541	8.091683
4.257066	6.430421	11.498374
4.328839	5.078523	0.433577
1.841690	4.008776	7.062352
4.010620	4.272983	11.797949
6.069494	7.585673	9.722811
3.771443	5.001541	12.998271
4.524603	3.563502	11.645936
4.504445	5.684533	12.105659
6.039412	8.065437	9.414401
4.098198	3.391650	11.341634
3.789857	8.327963	3.895198
5.380417	7.767329	1.650172
2.520671	5.833829	9.742719
6.413919	8.254106	4.538883
3.453025	3.021777	1.026273
3.262420	5.826183	10.444661
4.192527	4.732103	0.286422
4.950348	3.059066	3.673851
5.246551	8.304736	7.944550
3.529043	7.659120	8.238451
5.568053	8.506310	5.940268
3.983470	4.780203	-0.209516
4.386405	4.851968	11.893538
2.907887	4.203809	11.698171
5.501531	6.388337	11.411467
2.591261	6.776685	8.321878
4.930491	4.793288	11.121218
5.808295	5.712937	9.601072
3.216758	4.941322	11.766086
4.780072	5.073676	0.631128
6.396787	7.388202	9.327688
2.570566	1.791781	3.578505
4.014318	4.246084	11.525134
4.325201	8.455461	7.427336
5.196825	5.714240	0.350304
3.999222	6.493161	-0.165263
3.108996	4.407420	0.552966
3.972098	5.354345	-0.367264
5.762522	7.513055	1.942039
6.378000	8.779226	6.289445
5.617001	7.611679	9.131741
4.010153	6.618571	11.411063
3.692460	8.216065	4.805420
2.172992	2.138828	6.938347
2.390626	4.047630	8.507433
4.752041	5.362711	-0.113801
3.128068	3.474647	12.023512
3.401885	7.086104	4.265395
2.942419	6.078600	7.913466
5.013548	6.605247	10.651033
5.741971	4.402491	7.305465
3.081560	6.175095	2.165561
4.065466	5.125843	11.502194
2.210121	4.219319	3.212603
2.160109	1.231878	8.572202
3.946072	5.102694	12.457191
4.504217	7.690153	9.674354
1.612868	3.461172	3.830585
6.409325	8.199661	4.138699
3.747302	4.914830	12.023923
5.102722	4.086046	-0.179158
5.515645	5.423171	10.462542
5.347526	6.308349	1.159717
7.155473	6.761345	5.780191
2.286763	2.726903	10.601164
3.604725	4.946220	-0.269627
5.183000	4.528127	0.485063
2.070909	2.342997	3.032293
2.808127	4.617118	11.102520
4.493379	4.993355	0.009633
2.578972	5.233294	0.811313
5.390705	6.119566	1.148454
4.761289	4.944983	11.661083
6.118062	6.250247	3.130334
5.811025	5.549454	6.490924
2.194305	1.608387	5.667130
4.098432	3.556409	11.956516
4.040002	5.538869	12.433765
5.349212	4.178041	11.117063
3.009138	3.378002	11.484570
3.313011	4.764481	-0.046397
4.413617	6.745042	-0.180723
4.820769	6.357295	11.560482
4.526039	5.292669	0.208591
2.685173	1.737597	8.948673
3.422709	6.774449	10.281476
2.621864	1.664917	4.118624
0.996828	5.158187	4.874144
4.609245	6.170158	-0.053118
3.036847	6.293067	5.366537
2.903465	1.924705	2.321215
3.975807	3.653686	0.651060
3.196029	6.905623	5.852246
3.172766	4.704932	11.392426
3.861455	7.602680	6.694932
5.612033	5.680321	10.240436
3.007807	4.670583	12.006463
4.199686	5.283574	0.500253
2.496254	3.650733	1.373200
5.095974	8.612080	2.411206
4.982536	4.726077	10.793135
4.621888	4.751903	-0.324695
6.524409	6.586054	8.764949
3.771673	2.362458	8.557794
3.274517	2.671055	2.111650
4.100849	4.761697	0.114055
3.854783	7.157457	2.540097
4.307489	3.390942	10.768267
3.363041	5.076169	-0.231171
3.618833	4.989219	0.275725
6.207052	7.872908	3.819140
6.257791	7.866393	8.898186
3.015655	5.117548	11.311206
6.200997	4.854006	10.161383
5.641014	5.415379	9.168843
5.549736	7.010475	0.511906
5.652313	5.856270	3.475815
4.398097	3.206754	10.434019
3.763917	5.319273	0.107775
4.011975	2.899042	1.465927
4.202362	3.003946	8.912674
3.854338	5.278073	11.748208
3.862471	1.898968	3.598196
5.179020	4.449765	10.777583
1.843656	4.912408	2.794032
1.880757	1.682420	2.841069
2.599920	1.890283	2.256364
6.232165	6.465857	9.222281
6.043269	7.959248	3.232632
3.266817	3.233578	11.107280
2.847896	3.180490	11.228800
2.156130	4.702704	2.971766
4.280020	5.374204	11.383168
1.246495	4.406913	3.541450
4.143770	5.701638	11.730458
3.955470	2.318427	10.780047
3.176917	2.573359	8.716495
2.384390	4.083396	1.944479
3.640974	5.906414	11.607239
5.407450	3.632117	6.980876
6.974087	6.188514	4.362181
1.776406	2.119264	7.776366
2.509080	5.168908	1.262942
4.576835	4.535642	11.829272
5.849342	5.260701	1.693468
4.108794	5.369835	11.761213
4.638077	2.120120	6.683240
5.333600	7.703092	1.414385
2.891830	5.447712	0.627768
6.497609	7.469480	8.232422
6.117073	7.177259	2.229086
3.304040	5.554432	12.220340
2.508187	5.686520	2.414787
3.407668	2.601328	2.918440
4.992152	8.074180	6.228834
4.451002	3.506594	10.759769
2.318096	4.686615	9.493686
5.400804	5.109417	10.336799
2.702146	2.202017	6.986575
3.560566	5.302790	12.915312
2.377658	6.111975	4.983288
4.820907	6.649771	1.271926
6.345137	7.519272	9.527690
3.605051	4.552042	0.456549
5.206506	8.407445	6.449384
3.120911	7.006149	10.283859
4.020247	5.936177	11.506054
3.573380	5.136164	-0.017644
1.676880	4.496283	6.373133
1.935237	2.385136	2.947040
4.311337	7.552085	3.974165
4.045298	6.123734	0.660643
3.986681	4.884032	11.899152
2.969894	1.823652	3.890403
6.369388	6.882834	4.518476
2.646195	1.942090	3.837289
4.944037	7.781619	9.852643
3.034121	2.012559	9.954138
5.478847	7.077760	0.776856
1.964600	5.645310	3.995608
5.734826	8.926923	8.539697
6.152762	5.633209	6.197085
3.830144	2.662798	8.725188
4.771975	7.672607	9.617434
5.860766	8.149231	9.751009
1.940571	4.787394	8.681705
2.208701	2.826299	1.056076
2.159965	5.473421	5.042694
4.371345	6.447169	12.518856
3.727940	5.468984	10.793494
6.066781	5.192050	2.061657
4.444003	8.817984	7.301056
5.740939	7.349011	8.868973
1.913997	5.416633	9.756666
4.893758	5.703295	0.506232
3.931799	4.002224	0.507250
2.792634	3.920335	11.606746
6.596004	6.861173	9.777949
3.470123	4.232088	0.610147
3.614963	5.895937	11.828998
1.508505	2.228058	4.020990
2.124917	4.729229	10.887872
5.959796	5.267195	8.721345
6.617086	5.568788	8.460812
3.654030	4.103815	-0.352277
4.728330	4.782368	0.078071
3.845176	4.356058	-0.220295
4.361047	4.589596	11.667119
3.441868	2.532488	9.808082
3.287725	3.333726	11.617666
2.030832	1.973950	9.199914
4.293270	7.964332	7.124945
1.867630	4.373877	10.974978
4.131483	7.562490	8.835703
2.764891	4.443164	0.809522
3.705444	3.911906	0.199326
3.594383	4.918440	0.550579
3.705333	4.607117	0.001905
5.578382	9.091948	4.274647
5.033127	5.950220	11.890238
4.729382	6.071998	0.690407
3.810906	5.269439	11.645937
4.702325	4.972534	11.894410
3.980426	5.015434	0.392177
5.046924	3.417917	8.168913
5.566615	3.723406	1.142949
3.276645	2.406294	9.642638
2.076593	2.036884	3.940343
4.066557	4.830032	11.691261
3.957057	5.571714	11.944861
6.584503	7.698224	5.642036
6.018183	5.272134	8.123609
4.170327	5.287873	0.338212
4.775228	2.617910	2.729869
4.312028	5.156118	-0.245294
3.903880	4.177725	11.447437
2.631397	1.398052	8.647372
2.445693	2.930553	9.300488
4.000630	3.751805	-0.023569
2.913758	1.955352	8.945789
3.173152	6.637051	2.849007
3.421289	5.659606	0.031105
2.387459	6.473653	5.949376
2.790164	5.821684	1.970822
3.308155	6.809860	0.097069
4.276808	4.807343	0.447257
2.120545	4.710512	2.699761
3.301166	6.551915	9.732643
4.099302	7.138653	11.053486
5.261183	4.764838	11.701717
5.399730	7.419235	1.164652
4.422539	5.028765	1.378773
5.223595	7.626199	9.899596
4.186477	4.944860	12.303315
6.242523	4.774640	7.003561
2.723402	7.126993	4.713100
3.853913	6.657224	11.467245
3.385527	3.821982	11.822542
1.286785	2.522636	5.861282
3.922274	2.087791	4.084097
2.376582	4.609348	9.006197
4.655719	5.407035	12.152251
4.214568	5.111914	0.538570
5.746940	7.905862	4.766745
3.285139	3.254943	10.632104
5.887319	4.010750	7.683112
3.517576	4.744454	11.484727
3.656110	4.004465	11.826656
2.308956	3.409150	1.064756
4.507390	5.099994	0.391160
2.483242	4.951846	2.716070
2.690534	4.551463	0.248095
4.406944	5.818995	12.455301
2.553369	2.808877	10.918708
3.909958	3.948003	0.600998
1.431021	2.623899	3.703391
5.443124	6.481608	0.220989
5.687984	7.012635	9.695531
2.410407	6.736701	7.242334
2.910889	5.803244	2.040489
4.938532	8.567997	5.636671
4.607684	6.033256	11.367450
5.697365	6.398898	2.432096
4.800233	4.486084	1.097374
3.405474	2.871438	0.688308
3.840344	4.617112	0.307655
3.606686	3.580264	11.487059
4.822467	2.929077	7.705939
4.968236	4.024259	9.347647
2.965373	0.551961	5.388452
3.868179	4.820395	12.350211
3.813923	2.445500	8.769564
2.961855	5.036035	0.599296
3.029883	1.972878	8.488413
1.761210	4.347579	6.911328
3.183230	5.046437	11.454564
6.959763	5.153498	6.247491
1.912758	2.022254	3.983807
5.379335	5.731261	0.667939
4.354170	6.292085	0.443051
1.944864	2.253673	5.104501
4.666337	4.396732	0.775490
4.774331	4.152826	0.151106
4.434507	5.141097	11.624351
3.065787	4.284746	11.709342
1.725244	5.147301	4.986459
3.595881	4.161241	0.173822
3.638280	5.116630	12.042124
3.320428	1.909313	8.852655
3.999401	1.889560	4.752721
3.409893	6.757030	1.221065
4.207389	5.046969	12.251224
3.383029	3.486632	0.932163
5.109176	6.379634	11.063446
4.241019	4.952618	0.076237
3.355749	3.416661	0.240252
5.441530	6.157993	0.950810
2.172007	3.976850	8.319572
4.065854	7.915316	4.730843
3.987977	8.478013	5.017476
6.635993	7.326246	4.005568
4.077900	6.229689	11.060721
6.373974	6.783577	9.702218
1.795154	2.131577	7.300646
4.236696	3.285472	10.792642
4.975093	5.834082	11.541666
1.839433	3.882382	6.293099
3.915469	4.665556	-0.082828
3.239508	3.199920	10.945371
4.120065	3.827049	-0.210353
3.510227	5.226184	0.116570
2.673471	5.290564	1.138912
2.363025	1.913902	7.569656
3.944040	5.384996	-0.194912
2.068803	2.696222	5.944567
5.821307	5.118381	9.299207
3.572328	5.474631	12.392260
6.678318	7.398261	5.243880
2.769197	4.375400	11.109378
3.433013	4.989438	11.288271
2.788108	3.855838	1.837279
3.463256	6.542443	1.220462
4.385621	4.757848	0.239592
4.235466	3.272171	10.743362
3.713079	2.357171	2.975904
4.205912	6.245794	10.862796
5.539513	7.913676	6.391321
4.959179	6.774500	10.704858
3.943782	3.731253	0.350852
5.188134	4.917003	2.978362
3.261393	5.573124	0.109818
4.232663	6.590264	11.534067
2.589490	6.240425	5.932178
3.819679	3.417306	11.422293
4.901899	2.317128	7.421876
4.029421	4.092227	11.977777
3.831967	7.483991	5.442689
4.480726	7.792806	2.005306
4.116160	2.441023	7.443968
4.039357	5.242738	0.756506
4.096028	6.791728	0.926436
2.346283	4.940236	1.694545
1.993110	1.540150	4.373169
2.301785	4.364212	1.146042
2.146019	4.797541	4.565634
3.144001	3.726713	0.729535
6.714843	8.641914	6.641676
4.875567	3.296480	4.817208
1.329914	4.211083	8.272763
3.834930	3.818964	11.355769
2.891780	5.783100	12.087652
2.477574	2.511725	3.180129
5.603432	6.094644	10.417958
4.673930	7.665234	10.364194
2.770722	6.105983	1.969417
3.610908	4.862566	11.746845
3.198145	1.837690	3.567112
4.884339	2.244432	5.639275
3.431997	3.942215	0.346315
4.680118	3.033021	2.983883
2.589815	1.314706	8.841760
5.656450	7.559296	2.908069
3.316161	4.547034	11.466593
1.168503	2.471097	3.920300
5.023715	5.800848	1.063804
5.514340	4.396302	1.386305
5.265505	5.870119	0.538881
2.257110	1.381618	7.546992
4.322046	5.833838	0.091820
6.286922	7.594221	9.839252
5.992601	5.186261	4.955015
2.295543	1.350572	6.450429
3.491042	5.409124	11.545170
4.657346	6.515720	11.216679
3.416740	6.883006	10.573269
4.968544	2.300227	6.090754
1.177709	2.359507	5.599348
4.304323	5.721906	-0.247606
3.595736	5.269941	0.319058
3.764812	7.413559	9.702360
5.630383	4.832453	10.316086
1.826598	4.479121	6.033585
2.229214	3.886355	7.661815
5.461960	7.557221	9.428811
2.737405	6.647776	5.753696
1.567728	2.926083	8.260276
2.070016	2.143529	7.514337
3.545523	4.168614	11.451439
4.209775	5.421033	12.090833
3.795922	4.954711	0.445170
3.230995	6.102767	0.568224
3.659645	1.778111	6.571244
3.781247	5.306952	0.705962
5.740476	6.745490	1.633378
1.804076	5.643219	4.839381
1.930949	3.456959	2.370490
3.822102	2.728806	1.297787
3.796597	5.333052	0.052693
4.353981	6.010662	12.059196
2.517112	5.118130	9.749549
4.480163	8.251399	3.437216
3.954548	7.034618	11.392021
1.436288	3.759493	8.821796
4.985171	5.241958	0.978870
4.120567	8.071985	8.816740
3.636675	4.749067	0.288029
3.923632	3.247548	10.317630
4.172859	6.152319	11.324621
4.966969	5.015789	0.460349
3.596020	4.969479	0.340887
2.942527	4.847236	0.745821
6.631419	7.652022	6.924892
3.450075	4.270868	0.208525
3.074396	6.493940	9.490987
3.474592	7.793868	8.054875
5.979185	7.614462	4.756128
3.423635	4.907131	11.112042
4.699911	5.303069	11.871027
3.500827	5.052729	12.254702
2.651335	2.628836	11.162317
4.527765	7.450433	10.444669
1.582848	4.328245	3.234336
3.002540	7.787120	8.996463
7.418032	6.648092	6.866214
5.347714	3.016994	2.774772
5.102567	5.505286	11.510166
2.628583	2.422977	9.747681
4.933357	5.474219	0.461306
2.419326	2.298474	2.054338
1.646511	3.977807	0.897578
3.789183	3.826741	11.657138
5.607043	3.197937	6.421773
5.726554	7.680907	2.947608
5.127993	3.494104	2.324513
0.808388	2.911951	7.260592
3.830665	4.955913	12.814230
3.142914	4.727803	11.602331
2.092516	2.601731	2.341789
5.079920	8.667712	5.076603
2.036953	1.797646	4.737425
5.192381	3.663883	10.819420
4.827266	5.577357	-0.450281
3.493355	6.178971	0.561174
2.987865	5.238298	0.386689
3.459315	4.689766	0.155058
4.034387	4.941688	11.883481
2.351402	2.739847	9.232755
4.884513	8.273814	8.794571
3.317853	5.369119	11.860219
5.077369	3.979357	5.032073
2.451493	6.108245	9.085225
3.966514	2.172965	5.227732
6.420564	7.269163	9.442775
1.989306	1.187363	4.585387
3.268549	5.850503	0.055222
5.116402	3.579941	8.701346
4.048761	3.133156	11.105620
2.704783	1.878854	10.318274
2.425862	5.680668	8.850020
2.924744	2.774379	1.169991
4.218171	5.136557	0.432966
3.776001	4.797275	12.068692
4.673266	2.468568	4.168243
4.029827	7.574074	8.473740
2.904903	5.115686	12.167009
3.128337	6.734256	6.175355
3.453329	2.032955	7.628016
4.242003	5.161490	-0.192946
3.225601	2.341549	10.515945
5.422902	4.587960	10.112479
5.357534	8.603265	6.154484
3.010296	5.215144	0.680716
4.983904	8.869127	4.934722
4.987577	8.729338	2.801958
6.577972	5.559834	6.255465
5.326068	3.270558	5.890936
2.327516	4.593583	10.561034
4.466753	7.260224	9.921765
3.846386	6.558833	1.220802
5.917475	6.625457	1.764660
5.021906	8.162705	6.930549
6.601525	7.521580	4.488168
3.741854	6.154974	11.633069
5.019822	4.823944	1.721002
5.948949	5.472505	1.299927
6.468908	6.469705	1.475951
4.314577	5.518996	-0.237747
6.043308	7.596637	6.840602
6.921336	7.041720	8.793113
3.890378	4.175083	0.404552
3.206729	6.014782	2.204458
3.155820	3.818410	0.238579
4.089138	4.992860	12.232433
3.531219	7.437237	3.018037
2.146065	2.048429	8.424558
3.929921	3.040610	1.413560
6.662925	8.057805	7.747286
6.815017	7.118782	6.438974
5.861638	4.625542	10.963950
2.611585	7.090307	10.062906
3.163114	1.925387	8.347871
4.948121	3.062206	10.075664
4.368836	8.407191	7.021781
5.684761	4.063309	8.566941
5.044171	4.352918	-0.027507
3.897972	2.527345	9.051316
5.043454	7.427234	1.349110
5.306594	4.053037	9.950270
4.095379	5.275413	12.180589
1.804735	2.884136	10.201273
4.210099	3.351990	11.816130
6.053025	6.775955	9.734912
3.702352	4.878205	0.025015
3.690808	4.566888	-0.284289
1.911317	3.863629	9.450983
2.348393	1.287459	4.776596
4.964125	6.861604	0.612335
1.707313	1.962279	2.344219
5.880474	7.196030	1.278428
3.044629	6.818675	3.814776
4.613566	7.934800	10.181419
4.708220	4.986444	12.238708
4.606132	2.278427	2.565430
3.416265	4.252863	11.592918
5.058213	4.845551	11.510978
1.153570	4.656015	7.402996
3.630470	7.611595	3.353080
4.985938	3.604011	10.895804
5.107838	6.462940	1.349224
2.209983	5.344833	10.770811
3.648960	4.169042	11.895727
4.164934	5.973564	0.434781
6.693056	7.669042	6.991375
4.522151	5.949446	-0.034957
2.548876	3.476180	10.121430
3.756695	2.627737	2.007220
2.669777	5.532076	-0.102209
3.234924	3.443231	11.393502
3.663614	4.677879	11.869050
3.918188	6.421902	0.722257
2.179413	3.369028	4.485237
3.778978	4.726652	11.720659
5.188905	4.839546	11.949347
6.939894	5.388858	8.923469
4.227937	3.687162	10.553250
5.768974	8.129486	6.040699
3.467039	5.471750	0.987120
4.539892	5.023066	0.484790
4.059055	4.588477	11.972384
4.140629	5.663550	0.766491
2.809430	4.798356	1.556881
3.877764	5.141224	-0.353427
4.031184	6.153033	11.534610
5.776902	7.816996	2.620879
3.053044	3.497982	11.425680
5.077259	8.638486	9.126955
2.427171	2.491580	10.305587
1.709170	2.039520	5.736205
4.877371	2.385469	2.468468
2.386134	6.631766	7.798258
5.464380	7.917361	8.642993
5.724769	7.690620	2.378229
3.176920	2.635303	11.207303
3.117870	5.516887	11.116332
1.887829	2.165856	5.298864
4.077863	5.619990	0.171764
4.372918	5.017635	0.439948
6.789232	7.628397	8.502751
3.417788	3.322798	11.718799
4.795638	4.909715	0.918487
6.116116	8.277396	4.407084
3.358530	1.632055	4.299002
5.111504	4.154743	9.925312
3.982396	4.667550	0.359412
3.870173	4.929950	11.665468
3.957441	6.157162	2.033199
5.560419	4.566270	4.151499
2.427519	4.361938	10.832559
3.050051	3.709501	12.421869
2.225507	4.460274	11.003377
6.154902	6.749374	7.673120
1.858019	2.262775	2.519794
2.101244	1.899007	3.570807
3.142581	3.401860	0.451301
4.348605	2.198949	7.655962
4.997947	8.337539	9.949617
4.851250	5.659287	0.915570
1.310593	2.878723	9.792208
6.275072	7.600017	9.470912
6.604187	7.031642	9.758630
4.160478	5.259538	-0.188689
4.267286	7.338429	3.736965
4.954411	5.524874	11.882646
5.189224	3.089409	9.640921
6.282660	5.691440	3.341825
4.990486	6.504825	0.284736
5.953906	7.766504	9.713130
3.379857	4.612781	0.128844
5.061262	7.395793	10.836645
6.118210	6.911748	9.543294
2.583688	5.857093	6.901300
3.314859	2.634456	1.472158
4.277210	4.177994	1.000311
3.497957	5.157888	12.229337
3.248359	5.326922	12.383608
3.584234	7.260122	2.939783
4.371955	5.219322	-0.003612
1.389733	3.365307	6.742879
3.762867	4.677944	-0.055459
3.865889	5.021639	0.478826
6.467259	7.497429	6.639672
5.669161	5.510189	9.624986
5.050118	6.566248	10.739680
3.677434	3.589639	1.022329
2.191410	5.115649	2.967945
5.390842	8.710894	4.478873
3.020648	5.747625	0.988537
5.078241	6.973000	1.248838
4.467537	5.231069	12.323400
3.167851	7.870059	4.542945
3.634006	4.954581	0.479484
4.999324	6.826172	11.095410
3.319112	1.297142	4.315497
5.450108	3.463414	2.002876
4.884162	1.622625	5.473996
5.723144	4.781869	5.115382
1.390297	2.350805	3.139595
5.479510	5.981493	11.665997
4.203134	4.917556	12.198792
2.039688	1.909545	8.148056
6.091897	5.139587	4.134972
4.011279	4.598602	-0.265393
2.466860	4.109199	1.879560
4.022768	4.751323	-0.168259
4.148276	6.568330	1.015184
3.675581	5.017967	0.223763
3.784125	4.275640	0.029876
6.696199	8.604913	6.461218
3.166288	7.311068	4.143309
4.725378	4.844687	2.543931
4.140074	5.753437	0.632794
4.704643	6.146878	0.518527
2.590441	6.445317	8.019509
2.818316	2.160488	8.844751
2.504025	1.379096	3.294135
5.498029	7.151590	1.411983
4.959051	5.347277	12.171912
5.662917	3.213601	4.457263
3.362432	4.567629	12.042169
4.933585	3.095216	6.470978
3.678119	1.819075	7.493324
3.745087	5.447722	0.391639
6.058418	7.718527	9.760694
3.611356	5.898746	1.933770
3.268066	6.712058	10.160659
5.112279	6.917048	10.929274
3.725652	3.871717	0.402319
4.715427	3.190461	9.145035
4.410189	5.680408	11.976132
2.987277	1.472227	4.148643
2.859475	2.531594	2.294265
4.248266	7.885807	9.352309
3.033725	3.083581	11.240890
5.762800	3.877811	5.940409
6.488207	7.630176	6.016418
4.230472	3.508992	10.661493
5.970662	7.009486	8.566435
2.475257	5.234397	1.171572
2.222744	1.901396	3.031470
4.230997	5.856265	-0.059784
4.966147	7.983225	3.426767
5.710230	8.018195	4.945022
1.984265	2.516163	10.851568
6.258243	7.311023	3.160214
6.112527	6.899116	3.669742
3.457236	6.737352	2.167060
5.071908	6.003471	0.422503
6.346215	4.339719	5.708877
6.934386	7.881045	7.948684
3.992599	6.223687	0.005835
4.309248	3.414180	1.268055
5.123054	4.747009	0.060225
4.025912	5.895746	-0.709064
5.462325	3.413822	1.837105
2.386133	7.219564	7.899908
4.872139	7.960307	3.789772
3.694184	7.697913	7.979670
3.476859	5.476358	0.674980
2.549535	4.683287	10.717397
3.291240	4.057582	0.752889
5.261694	7.910560	3.322364
3.711751	4.850031	11.374031
2.498270	4.059034	10.685909
1.564766	4.260134	3.099988
4.047172	6.115338	11.480851
4.736788	7.613576	1.817673
4.747712	4.943352	11.687541
5.830543	8.269811	7.662633
4.092197	5.246578	11.907583
3.281123	1.881667	5.025726
3.799438	7.152935	0.549046
2.869626	4.702318	-0.006670
2.337600	2.576248	2.378842
2.109596	1.011504	5.490397
1.631813	1.609597	8.822515
3.832929	5.196077	0.775187
3.875465	5.231343	12.367229
5.670833	7.897608	9.881309
5.162358	3.400874	1.257945
3.858405	5.644483	11.902380
3.449845	4.765595	11.796730
6.323002	8.276776	8.385766
2.146759	4.271938	9.903137
4.040845	7.260071	2.828769
4.892830	6.450578	11.726072
3.074249	4.044971	11.953224
5.581250	7.866433	3.481512
3.887678	6.576114	10.426938
5.341048	6.476587	0.893175
3.863298	6.645878	11.775005
5.936190	5.835795	8.063040
6.121821	8.004872	4.743701
6.284111	4.822415	3.859203
6.927637	5.376976	7.089006
3.319656	2.846132	10.575354
5.941001	7.830579	9.754920
4.559852	3.915613	11.294719
3.908980	5.742761	11.107673
3.438872	5.120187	0.229367
5.053528	5.718434	11.540513
6.706303	6.973591	3.007794
2.553629	1.915146	2.402125
1.569062	1.902740	4.633663
6.105742	9.004461	6.200475
4.500565	6.400034	1.005913
3.534305	1.862252	6.953799
6.671162	7.757535	5.188824
3.384072	3.888940	0.681550
2.587447	6.450887	4.034071
2.169904	4.564429	6.060799
3.192864	3.361419	-0.018622
4.723364	3.310426	3.200262
4.349214	5.985161	12.069268
1.587844	4.223564	2.589472
3.006197	3.614730	-0.072149
6.609523	6.444419	9.526184
6.116359	5.788234	9.686387
3.429769	6.418446	5.582184
5.649651	3.531599	4.835855
3.431601	4.664756	12.223111
3.367726	4.848331	0.447145
3.147794	5.275052	11.683651
5.905204	7.396013	9.345487
3.022082	1.623304	8.336102
3.793041	5.375038	0.434402
2.994115	4.851453	11.039594
6.024651	4.958237	3.064705
4.600541	5.943240	-0.126541
1.047685	2.273631	5.360014
5.644863	6.699545	9.652757
5.870709	7.906215	8.289858
1.772951	1.472364	4.801959
4.747991	1.690592	6.216411
3.733535	2.383748	6.187798
6.339587	7.754325	4.799346
4.279180	5.588406	-0.643479
6.844106	6.623664	4.981684
4.476060	6.235029	0.091648
3.679412	5.046620	12.531160
3.388660	1.768893	2.608667
4.244098	7.093882	1.186751
4.350895	2.858164	5.028391
2.956157	2.320395	8.546642
7.109220	7.151774	5.095363
4.903816	4.470590	10.114879
4.539389	3.121149	7.222546
3.237316	1.695889	3.753209
6.917666	8.429978	5.766572
3.548220	5.448809	0.093225
4.886173	5.100358	11.586365
1.497899	3.729128	6.178385
3.819878	3.488044	1.001691
1.974774	1.493364	6.922680
4.343912	2.803003	8.167777
5.373450	3.817747	7.440480
5.916341	4.955256	9.775310
3.661587	3.711516	11.402751
2.798063	3.205495	12.070304
2.260615	6.575719	6.926124
2.421108	4.953698	4.591014
4.337733	4.528759	0.389608
5.970329	6.317620	8.732124
4.495071	6.972415	0.880135
3.592897	3.147927	11.471646
2.505388	6.987900	4.919680
4.898703	5.667717	0.184284
3.013682	5.370269	0.319075
2.114090	3.281678	2.590961
4.425810	6.018679	11.338208
3.946518	7.668890	10.393837
4.987130	7.889308	6.470914
1.647222	3.021917	2.736382
2.890920	2.118199	8.899330
4.133604	4.330255	12.079178
3.631474	5.786067	10.168665
5.428977	8.119470	6.373663
2.087487	3.230080	0.676890
5.441020	4.199158	5.088924
2.695178	5.062615	1.348254
6.076290	5.174473	8.414646
6.118063	6.850284	9.764288
2.663012	3.629155	10.994438
3.790172	4.629053	11.319212
1.490924	1.048249	7.464213
1.586148	3.932852	9.874407
4.394917	4.848829	12.254693
5.424226	6.458875	1.203782
4.279883	4.614522	11.803360
3.286119	2.620367	10.853072
4.596510	6.990708	0.669167
1.735671	4.940025	4.578872
2.925712	2.271887	9.840349
2.946781	1.461303	5.761019
3.607504	4.910427	11.654268
3.860953	5.214565	11.456113
2.262582	5.198396	1.501981
5.990701	5.915478	0.705425
6.376159	6.201568	1.695443
3.528981	6.945095	3.904992
3.946975	5.784310	0.133461
1.719212	3.815096	3.299966
1.695170	4.214545	7.350682
2.444430	2.614967	3.269979
1.567485	3.832373	7.454628
2.088407	2.874585	10.716736
4.598000	4.892597	12.228933
3.889656	6.046616	11.932759
3.978288	4.229208	0.358075
5.217770	4.881265	10.851320
