5.193254	4.263601	10.070791
4.953634	8.915816	6.064659
3.813947	4.484072	0.100243
4.767811	3.877396	1.792900
2.305619	5.822816	6.506157
4.305136	2.532844	4.797026
4.232909	6.171778	0.836709
4.660148	7.335905	6.799360
3.555880	2.620231	8.853318
2.431849	1.198748	5.807346
2.099114	2.414294	7.923841
3.249843	6.432557	1.778836
4.580894	5.327797	11.487974
0.560193	4.152354	4.711865
2.016665	2.963747	1.759371
4.812414	3.139606	2.987654
2.671612	4.206798	11.250162
5.743982	3.375067	4.785731
5.180432	3.219176	2.094726
4.827305	7.998563	5.062032
2.513483	5.126527	1.126915
1.972656	5.994640	6.159772
4.974722	3.705849	4.944111
1.838607	3.847048	10.362029
4.352623	3.316343	9.764652
3.456102	7.523756	6.887812
2.684333	2.239707	9.852110
4.442615	4.778604	-0.297114
3.431034	4.002392	0.595334
4.843840	6.294905	11.683319
4.225219	4.595361	-0.254664
4.378488	3.141494	9.603599
4.779561	4.947773	11.709504
6.556826	5.791710	9.011011
2.335342	6.458637	4.801866
5.302837	4.027869	4.827692
4.028823	3.998760	10.791782
5.011219	5.954718	11.905762
5.819083	8.064893	3.947498
4.183740	7.728815	8.885391
3.584596	0.964281	5.499126
2.751037	6.838979	3.068589
2.817318	3.330224	11.389186
3.114707	5.790328	10.904551
5.304445	5.952858	10.665321
4.315018	5.293587	-0.198056
4.028928	5.886281	11.591516
2.430908	2.411224	9.779891
5.848456	7.543834	1.778363
3.904724	4.637534	0.036432
4.551463	3.851012	0.344117
4.361691	7.319552	1.581098
5.789748	5.230135	2.923455
4.379400	2.415231	3.437177
4.665017	4.472017	1.425697
4.823097	4.502639	11.631258
2.156113	5.096258	2.770303
4.528823	5.815394	0.321821
2.672358	5.326763	5.020139
3.505416	5.546697	0.491714
4.187953	4.986644	-0.481614
2.985887	4.779539	5.270736
2.694999	2.513628	9.878905
3.002284	2.099204	6.385505
4.407865	1.967463	5.902460
4.420667	7.969227	7.874808
2.398480	4.032707	10.692198
5.924545	8.462120	5.824511
4.032301	7.829245	2.342641
2.715262	2.664998	11.382393
2.658412	4.289739	10.199926
1.946157	2.808687	1.707163
5.598202	8.648389	4.570634
4.020495	5.694320	11.973970
4.032877	4.574976	0.057083
5.162747	7.106137	2.510414
4.597058	8.220241	8.101961
2.160680	2.352531	10.147540
3.315621	7.611115	6.284238
4.265470	5.431920	12.264012
5.021450	8.454427	5.321164
3.961167	5.076686	12.802173
3.686326	3.337107	12.049228
3.776197	5.176608	0.555563
3.298468	2.609030	2.132430
2.978399	5.335850	11.696064
2.271841	7.363755	10.317263
1.627107	2.938223	8.642072
4.142688	3.792997	8.358357
3.690905	5.702416	0.810160
3.253685	4.343139	11.841565
2.754118	3.402927	1.479568
4.893999	5.045175	12.166520
5.968360	7.863005	3.757633
4.456468	5.043912	0.132201
3.001016	5.230467	7.570659
4.980554	5.999632	0.140601
4.768953	4.038140	0.979801
6.461000	8.000208	6.958393
2.163319	6.102907	7.509595
3.414901	2.902824	1.660491
3.778259	4.053707	11.262874
4.092096	7.795681	2.152064
4.917450	3.974845	2.824000
4.152914	7.260513	0.797687
4.748820	8.917212	3.967818
6.450482	7.759479	5.689180
5.982716	8.528568	5.279913
6.247402	5.460835	9.145700
4.120655	3.833233	12.273100
3.703901	3.210349	11.894989
3.879656	6.139283	1.595069
6.265928	8.561023	5.858983
3.995714	5.438229	11.704344
4.326116	3.946759	0.687614
2.028415	3.046887	3.245999
5.998414	4.646293	5.806295
4.283126	2.155829	6.007486
3.714912	3.349076	-0.324214
5.794869	7.627942	3.028771
4.396583	7.830171	10.938308
2.120429	4.371305	9.782333
3.148904	4.635740	11.383298
6.385067	8.056347	9.019866
1.932597	3.248241	8.473024
3.817761	7.219299	10.117105
4.404981	4.498796	0.435768
6.113989	7.297692	7.403576
3.824321	3.566924	10.328473
2.541082	1.981735	7.751852
4.081338	5.642199	-0.915098
5.463380	5.327159	2.027351
3.308323	7.605978	7.047192
6.803295	6.150461	6.473964
3.663534	6.738944	0.967312
6.310560	5.639026	6.305766
3.864345	4.189575	0.427565
6.243588	8.650657	5.246310
5.406956	4.839650	10.364201
4.357982	4.545581	0.676715
5.631402	5.620994	2.500159
4.350942	7.352885	7.898544
3.488142	6.876436	9.064337
3.245870	2.383155	1.720605
4.069191	2.073119	2.924988
5.627848	6.647504	1.628218
3.706587	4.854267	11.535295
1.662079	5.408656	8.184916
2.358692	4.005749	0.872986
2.962335	6.245554	11.115973
3.706391	4.839398	12.467275
4.336661	5.586827	11.881815
4.975065	3.350643	7.817977
3.622794	3.513691	0.898486
4.663641	4.892126	11.962203
2.611257	6.245824	0.300515
3.752972	4.471204	11.836461
5.407537	4.223817	6.725737
6.026533	5.843714	4.316846
3.442991	7.690754	2.078217
5.066036	3.218010	3.164386
3.216258	2.800031	0.892503
3.988508	7.156016	1.633125
5.318767	6.191370	1.515521
4.094846	5.133146	12.634987
5.072635	8.804735	3.610965
4.164943	7.937509	2.942071
3.663357	7.701089	2.210053
4.137181	6.239557	11.350307
4.520515	4.861157	11.811444
5.496616	5.379328	11.836785
1.486005	5.472958	7.232332
4.062996	6.587506	11.729085
5.291298	6.483901	1.748244
4.777282	8.003593	2.372587
3.536720	4.141945	0.885788
5.561977	7.924553	5.118296
2.036137	2.894317	2.599474
2.276658	5.040239	8.628401
2.208331	0.892231	6.037376
3.834320	4.546063	12.572369
3.571701	4.399027	0.437299
5.715220	5.983092	1.540483
2.716845	2.507517	2.418633
2.089570	4.643016	3.687121
2.358126	6.202603	8.128425
3.183418	2.834035	1.911984
6.561005	6.876390	7.946887
5.102757	7.129423	2.139368
4.165858	6.122209	11.993475
1.601092	1.590087	4.011600
4.433103	4.856423	10.909883
2.300856	5.193252	10.570002
5.843568	5.545464	8.210054
4.061011	4.030167	11.459235
1.528332	2.527421	8.227182
3.511941	5.328817	11.918250
5.817705	7.069565	1.876424
5.530200	5.390354	4.398970
1.303027	3.067364	6.614324
4.673733	7.013411	2.305983
2.570439	1.593038	6.041106
4.080139	3.985913	12.718242
3.904661	4.849290	11.557674
3.697601	4.766993	11.579985
4.429113	5.297978	-0.270030
3.144112	2.887545	1.308825
4.115645	5.034232	-0.741534
4.161019	1.365293	3.857288
4.239318	7.908535	3.567868
3.003091	3.447559	11.164873
5.012814	5.724564	1.120443
3.076680	5.155107	10.660901
5.658482	5.225552	3.324380
4.517882	4.570185	0.426771
5.876696	4.433996	9.824140
2.559091	1.993770	2.994475
2.123122	1.064881	3.122067
2.824977	1.883952	2.615583
4.671353	8.931322	8.091161
4.604472	4.938935	0.052426
4.952811	4.529139	10.010135
6.061660	8.270097	8.116543
4.864381	8.033999	5.376868
4.563380	8.800809	2.343024
3.349827	1.823862	9.462919
5.880569	5.310014	10.535840
1.871518	5.296813	1.985673
6.222606	5.684490	6.508210
1.669275	3.330316	8.570521
5.531563	8.233853	7.749628
5.851541	7.417538	4.246960
4.747539	7.301108	1.781834
4.390141	2.747392	0.996892
4.932165	4.570492	1.199270
3.806116	4.612048	0.445285
2.611682	3.914281	0.569582
3.666458	4.177801	-0.044319
3.666287	3.946669	12.405803
4.031850	6.739873	10.708599
3.371691	8.281533	6.390802
5.310853	3.872220	2.862670
4.610122	4.792394	12.220185
3.872180	4.499601	-0.870064
1.648885	2.369116	2.996799
3.622601	4.565520	12.046385
4.695476	5.759638	0.325508
5.675257	8.813078	5.078379
2.884637	2.687786	1.100909
1.628592	3.152580	9.317696
1.331287	2.804380	7.013709
2.774775	3.329036	0.957633
3.753059	2.838910	11.637422
2.595016	5.867279	10.159211
6.197919	6.704899	2.010303
5.673631	2.936174	5.983838
4.191634	3.561435	9.979512
3.546611	5.121643	-0.137309
1.682429	2.858159	4.002183
2.648042	6.492685	6.713895
3.625899	2.095114	6.822305
3.914810	4.740376	10.911801
1.731591	1.892652	4.695601
4.020054	5.161890	12.549412
5.967891	6.027544	2.921296
7.132719	6.428166	3.743282
3.989387	5.665914	-0.424219
2.800522	2.959184	11.487310
2.696669	4.579526	1.429746
4.974405	6.301095	11.602153
4.061149	3.536735	10.902797
3.231593	2.181604	6.010399
5.264827	3.032479	6.986870
5.041114	8.186399	9.016379
5.347610	6.336124	1.073529
4.057447	5.733047	11.857320
2.122000	2.016575	8.148826
3.925257	2.507570	7.474982
6.110151	7.248282	6.745811
2.996174	2.243769	1.040621
4.296518	4.846350	11.134797
5.132046	3.871482	10.661946
6.755771	5.713321	8.317397
4.534986	2.471706	3.734045
4.313767	4.200990	0.472454
2.289618	5.181575	6.789269
6.082018	7.040990	10.285091
3.715922	4.681686	11.714896
4.415683	6.770386	1.943280
1.401584	1.748660	7.310798
2.353760	2.341314	10.624931
2.772998	2.628134	1.279281
3.485051	4.006234	0.213907
1.103315	4.203321	7.753044
4.032909	4.472379	11.850736
4.139525	2.319653	2.842347
3.338007	5.185498	0.484141
2.588490	4.492976	1.179416
6.455192	5.481549	7.413205
6.066205	6.951457	8.850245
4.122197	4.615920	11.556698
1.591287	3.993392	2.501465
2.710189	6.593501	5.492876
4.249156	3.797345	0.419568
2.541016	3.618723	11.066824
4.777936	8.585883	7.623788
4.930480	9.018711	2.817348
3.094016	5.711665	11.300288
4.387175	4.554798	0.018242
4.483774	7.121101	1.987176
5.734981	4.319179	5.650795
4.229470	5.280127	12.312865
4.280289	4.132628	0.312222
3.995361	4.024727	13.113009
4.080113	6.370064	0.979168
5.959377	4.032335	4.643252
4.622031	2.550840	8.465396
1.887078	1.632881	5.448462
5.179420	7.028995	2.148131
4.157305	8.571900	6.486070
3.615298	5.352235	-0.127783
4.140423	7.832982	7.044054
4.204474	5.924467	0.101534
4.060886	7.470265	2.793092
4.692972	6.221198	-0.121387
6.126400	5.113873	6.357591
5.887009	5.971391	10.833655
5.044889	5.211184	11.460224
3.912701	3.459330	11.153004
2.271499	1.421354	5.368136
5.310160	7.968287	2.992560
3.879275	5.208573	12.118190
2.152302	5.079593	5.167301
3.619235	4.847775	-0.102332
4.896801	4.989060	1.104532
3.251228	4.032135	12.086236
2.899049	4.220119	0.171068
3.321646	7.867502	8.465520
3.429502	6.524011	10.761862
3.107669	6.891822	9.024430
5.185494	4.618447	2.389764
3.651609	5.184337	12.445842
4.529773	5.217974	0.406200
1.041525	3.928088	8.305069
1.182658	2.452471	7.153649
4.620431	4.515611	1.033599
4.133255	2.438728	0.502439
2.231070	4.512703	11.150868
6.064958	8.074773	3.324399
3.786808	8.142043	8.241672
1.971953	6.938156	7.610280
6.050958	5.523833	9.672126
3.950683	1.106098	7.622829
2.729725	5.771997	10.755563
3.190487	0.905016	3.350558
1.944488	2.596929	1.961136
4.512310	3.384380	9.099311
5.689275	7.630160	10.098402
2.709494	6.883776	10.109681
5.831491	5.059988	10.927258
3.661643	5.042498	0.180481
4.040899	6.520285	12.001776
2.835574	3.882177	11.725322
3.401069	4.443230	-0.630445
3.510994	2.694146	0.062148
3.644739	3.713336	11.577831
2.944367	6.653848	4.377254
5.276377	4.164799	2.817202
2.291723	1.543600	7.930041
3.748957	5.397467	-0.244612
3.231084	3.423348	10.721446
4.941689	3.898441	0.840805
5.756062	4.842504	11.706915
5.334580	4.624512	10.343317
3.579575	2.437625	5.073744
5.550536	6.196318	12.191204
2.001887	4.041065	1.640364
3.369903	7.922080	4.657237
4.110773	6.178382	11.526971
5.637846	7.597672	1.294276
6.625417	4.238401	7.755715
3.193696	3.883795	11.436830
5.480022	2.606689	3.707626
3.579655	6.541042	0.137488
2.776235	4.036185	0.569544
1.951559	1.813000	8.362838
2.379576	2.937672	11.604541
3.151074	3.530069	-0.122096
4.130261	7.017027	9.647412
2.084796	4.248391	2.797511
5.761898	8.262151	4.160047
3.894494	3.031214	0.305211
2.688288	2.818939	10.963695
3.809941	5.875789	12.071977
4.662147	3.575126	6.041000
3.064291	4.162305	11.102539
4.879391	6.940242	0.522921
3.971266	5.254171	0.795888
4.502070	7.612938	1.820873
1.772985	2.244609	6.863212
3.103245	2.498901	2.855719
4.995341	7.452563	10.686489
6.386254	7.053058	9.878198
4.071914	7.303120	8.626257
4.351339	7.852651	6.375924
3.262062	4.908151	0.184960
4.325912	5.581675	12.122879
4.112131	2.179036	1.775995
3.777008	4.359315	11.443913
5.529989	4.981208	0.994264
5.294603	8.420646	5.727745
3.069554	5.941470	2.751099
3.071910	5.970367	11.019249
5.010074	5.082472	-0.112584
2.500456	3.483593	10.024485
5.925418	6.836534	8.768166
3.339933	1.229077	5.475136
1.651689	5.969133	8.541366
3.685688	5.937457	12.355700
4.561346	2.456254	2.818974
5.514484	7.139801	3.001197
5.227177	3.228513	2.958147
4.071760	4.610002	11.394903
4.285210	6.168226	12.428392
5.618998	8.515531	7.411209
3.751800	2.980672	1.536200
3.930278	4.941073	11.210044
2.157632	6.124287	5.026012
2.958140	6.854634	2.196339
2.340971	6.100671	2.929099
3.716036	4.487946	0.255232
6.549384	8.247088	4.530484
2.997892	2.995250	2.046767
3.880642	8.171893	8.015812
3.528562	5.491467	-0.036173
3.184635	2.636501	10.461247
4.093043	3.204528	11.490302
2.781899	0.892359	5.958267
3.714212	5.622481	-0.099672
6.243136	6.623974	11.246842
4.914051	3.995386	11.641146
2.672324	6.806139	7.240380
3.189493	6.548910	10.608891
5.347328	5.361228	12.162036
4.062724	1.876117	8.150800
5.906344	6.424331	9.695779
5.883715	8.262230	2.214354
2.839642	3.960831	1.620738
0.899646	2.952280	7.654406
5.572032	8.237105	8.806446
2.812999	4.236941	0.927351
5.810748	8.443207	3.950840
3.920829	7.626723	3.510796
5.531311	3.874444	8.937819
6.064260	7.041381	2.419820
4.616335	3.198079	8.868666
3.683897	6.264761	10.988759
3.006128	4.323643	0.362317
5.631621	8.231263	7.082125
2.438082	3.667475	1.562257
4.180747	6.253196	10.619246
4.120176	5.304524	0.615778
5.856649	4.704633	6.927116
1.515509	2.023792	4.052168
4.938503	4.260763	2.580296
2.419734	4.986129	10.965411
3.855628	4.946907	11.459382
2.521872	2.230291	9.615312
2.591011	4.659278	0.885691
4.769569	3.476375	6.697877
4.464416	2.947829	6.814284
6.352107	7.987030	6.364210
2.111241	1.814426	4.759854
4.449948	6.877609	11.876779
2.100895	3.368228	7.560928
3.995792	4.994295	0.353544
1.122443	4.177892	8.428129
4.920668	5.275179	-0.034492
4.060261	5.402528	-0.247868
4.183740	4.382531	1.480987
4.009404	5.548088	11.351487
1.320857	3.035260	4.943289
1.751484	1.770728	2.689512
2.971888	2.231381	4.500326
3.086310	3.889909	11.845526
2.226015	3.402802	0.924265
3.334469	4.250667	0.381487
3.357843	2.858506	11.320205
3.154959	2.698620	0.050433
3.106651	1.657126	9.847349
2.579307	4.748331	11.905074
5.173424	5.485206	9.735295
3.694289	1.450393	7.946966
4.509804	7.919485	2.623529
6.288525	7.324979	3.609628
3.665373	2.809408	10.664767
1.881408	6.340577	1.282839
4.658695	5.586932	0.664563
3.581755	4.585612	0.489478
5.241470	7.438689	1.129319
4.170845	3.973381	-0.817129
3.734322	1.611460	4.879429
3.987730	4.731728	-0.685224
3.705037	2.270831	3.533430
3.590360	5.074380	-0.088548
4.205037	4.745081	11.735279
4.207873	6.920947	10.727682
4.947388	5.540299	11.150116
4.042626	4.141432	-0.121817
3.208368	2.800816	10.112439
5.345569	3.779092	7.596739
3.892147	1.939340	7.839893
3.907750	2.895531	11.624743
1.642759	2.897112	9.040648
3.854371	4.554384	0.345197
2.706245	4.882552	0.938350
4.009605	3.593829	0.548219
2.249649	6.746978	3.981042
3.505285	5.511182	-0.280561
5.336280	7.938793	3.922666
3.392275	7.361502	5.212523
4.049916	6.924894	0.775265
5.915879	5.849239	2.083917
3.098017	2.258670	5.494899
1.315140	1.659286	7.705984
5.441791	4.648446	5.413415
4.375063	4.859488	12.525540
5.456352	5.950348	1.425637
3.863907	8.604724	5.208956
5.097651	5.414513	0.514113
4.827010	7.750284	10.145840
0.824887	3.095062	3.821302
4.980664	5.472328	11.783085
2.378091	4.603592	1.034610
2.684791	2.111469	10.016508
6.146542	4.701348	8.353294
2.627340	3.729227	1.004120
4.932600	5.873556	11.775378
4.143739	5.351754	12.078626
1.998365	3.532101	6.845165
4.201096	5.603931	12.741913
3.450173	3.387464	11.436206
3.741461	3.597356	11.726739
4.156380	4.832064	0.765949
3.659563	3.378454	0.935636
5.243231	6.766785	10.108624
2.628418	4.549430	11.722099
3.857815	4.353206	0.155414
2.412129	5.674141	0.613307
1.999913	4.199411	5.115393
4.380950	7.296990	5.593443
6.301568	7.029078	6.240472
5.708388	8.635909	2.007803
4.368367	4.334863	12.202318
4.094918	6.331362	1.192065
4.432455	5.604653	0.012820
6.636555	6.295542	5.521942
3.427757	2.349722	4.184488
6.877011	7.483500	7.570220
2.487850	2.873445	1.872973
5.109390	7.827323	1.952671
1.478938	1.730442	7.797284
4.058895	4.409007	12.362944
5.336569	3.328309	3.528411
5.640333	7.915863	10.545829
4.844711	3.686772	1.312146
4.344481	8.210049	3.362851
5.182456	4.634270	12.163406
3.175982	3.234473	11.858384
2.554176	3.169233	11.545584
6.671860	5.815508	7.630052
6.799059	6.493819	9.318420
4.237020	2.011906	6.009428
3.814068	6.008349	11.370676
4.080603	3.973002	0.535297
1.300826	3.915832	5.506937
1.651643	2.305012	9.448782
3.593470	7.036488	2.575985
2.404675	3.897136	2.601722
3.059549	2.812880	1.060661
2.119970	6.626882	4.630824
2.885193	2.025510	1.490245
5.578223	6.043115	11.540879
5.007042	3.740404	9.704125
1.272770	2.901870	8.863807
3.731275	8.540012	4.967842
3.314507	1.653143	3.918865
2.721631	4.018788	0.393947
3.641615	6.960451	0.750285
4.676001	5.133225	11.078450
6.240218	4.985989	6.150638
4.683074	8.496767	3.472159
4.166630	4.988536	0.054765
3.638103	5.661136	0.232527
4.323449	4.357580	-0.003352
3.736129	2.126414	3.730276
2.912162	5.312441	11.197734
2.649094	4.541941	9.043970
3.818531	6.427624	0.520788
2.428257	4.757490	2.458748
2.774496	4.105251	11.148979
3.204223	6.880273	4.649736
4.301437	7.103854	10.250597
3.723733	2.029960	8.908812
4.254859	2.899117	-0.017906
6.962649	6.629873	6.063303
5.676593	3.701995	5.681092
3.458713	5.552427	1.077951
1.687049	2.878894	5.120461
2.706505	1.851050	3.321839
3.542384	2.108514	9.804837
4.179808	7.108959	10.248341
3.731594	4.434619	12.298039
3.853777	3.439755	10.701601
6.125632	8.355161	3.925108
3.672226	6.873518	11.221253
5.444915	3.974659	10.953325
4.268378	7.136292	11.451594
2.224850	4.476971	1.458384
4.525995	4.682648	0.602224
6.708929	7.503544	1.869410
4.820896	7.632769	0.651255
3.798456	5.609412	0.364640
3.118545	2.750612	0.763460
4.456980	5.509521	0.683946
6.238157	6.058480	8.560531
4.334205	5.837276	12.317395
4.276487	3.209834	10.029784
6.535186	6.056362	2.624457
5.226705	8.517150	9.536880
6.473993	7.670426	9.557664
2.820755	3.949956	0.709727
2.060235	5.536853	7.573697
2.645317	2.702256	0.176094
3.131998	5.529206	0.863085
3.654574	5.559344	11.609630
2.863116	1.251086	5.981185
4.225572	4.221380	11.836854
3.931591	5.078818	12.122885
5.255521	6.508334	1.498057
3.433348	4.354694	12.680764
4.147693	8.488563	7.365840
4.262953	3.282707	10.726665
2.496203	6.673001	5.614850
3.164024	1.111917	4.118567
1.178805	3.135021	3.038259
5.258659	2.951413	8.680627
5.035054	8.137363	0.905588
3.641740	4.588078	0.118072
6.288508	4.695162	7.314413
5.310267	4.806616	0.209799
4.590159	5.993546	9.930596
4.449684	5.922669	0.141119
4.280594	8.454339	4.344887
5.975586	6.827947	11.161482
2.938130	5.335264	11.837467
2.678338	7.811724	8.312345
4.918254	7.405235	10.031381
3.561503	4.621789	-0.301253
6.205334	7.289459	8.937541
5.995343	9.038119	3.185440
3.337473	7.075752	8.816125
1.788277	5.609203	3.200835
4.524295	4.678689	-0.217969
4.515966	5.622682	0.510952
5.270277	5.763525	11.104442
6.289973	5.667257	7.292628
2.820117	4.197811	0.605718
3.880153	3.384217	11.342672
3.184604	5.853472	10.732995
5.092133	4.915157	-0.385880
2.554887	4.781923	10.457362
4.047597	5.522580	0.560506
3.261066	6.481575	5.054608
3.157000	5.596989	11.326347
4.097666	1.256360	5.512674
6.028033	4.405815	7.778816
6.703446	7.787269	7.720914
4.359711	4.553663	12.184738
4.842514	6.794384	10.865824
2.791936	6.850260	1.503320
1.230448	5.333955	7.379313
6.592337	5.533594	5.508707
3.820070	5.507424	0.718217
4.324289	5.370294	11.950389
4.585316	4.283846	0.338988
2.067823	3.772126	1.781057
4.614576	4.688042	1.415391
3.158103	2.156666	4.076415
6.208201	7.493532	5.411946
5.721420	8.887824	7.162427
3.603209	5.221981	12.208502
3.852645	4.267856	11.453180
6.136906	6.312724	2.985139
2.195466	1.745174	5.973404
2.340524	7.891276	6.445954
2.924466	6.457095	2.464107
3.078591	4.087215	11.373873
2.067471	4.779883	1.873788
5.643944	7.235970	1.997751
2.342820	2.112941	8.021831
4.257189	7.722885	9.251309
4.682972	3.830928	1.385530
3.459835	3.470692	-0.256956
3.117874	3.469652	11.671984
6.217402	6.410254	2.571182
2.497397	3.434621	10.993957
3.234711	5.411559	0.373020
2.024121	2.342185	3.756480
6.410006	5.655772	2.572022
1.639430	5.012514	11.067159
3.379114	1.890622	3.045987
5.525095	6.025703	11.357194
6.019786	7.648005	9.886890
5.328672	8.254005	9.690893
1.877214	1.231044	5.134758
4.930279	7.245988	1.211200
5.561867	8.998351	8.679365
4.622430	3.840962	0.815707
0.991082	3.559731	10.579964
3.979469	6.477263	0.895548
6.119540	6.166268	3.387217
4.346625	5.948725	-0.067212
5.291226	3.505695	5.881850
5.830911	6.302700	4.658484
6.406513	6.147754	5.490218
3.899081	4.761800	0.206426
4.851043	2.964480	8.809774
3.273836	5.224982	11.792227
5.384187	6.068205	11.605159
4.079768	6.659515	11.534480
6.605470	6.431072	7.576879
3.615773	2.198018	8.205956
4.334805	3.144106	10.009105
5.338371	4.023567	9.383390
0.724242	2.985967	4.263405
3.300265	7.314343	6.029724
2.901848	4.005648	11.935715
2.300782	0.990409	6.484462
1.137671	3.325251	9.141009
3.904887	4.288824	-0.497741
2.543238	3.316472	1.787788
2.717591	2.231153	2.603873
1.359706	3.996483	5.544135
5.873153	8.230059	5.916777
4.844636	3.615932	6.657233
3.326172	2.984356	11.098482
4.513297	3.506202	7.765451
3.598420	6.846312	9.825962
0.388898	2.550337	7.032522
2.055017	0.614621	7.525086
2.151364	1.799268	2.958316
4.464633	4.362809	-0.411069
3.066563	1.998382	9.402113
5.894396	6.063251	1.975073
3.947378	5.487015	0.654971
1.527405	2.521003	8.380061
3.493093	6.350293	2.195373
3.422398	2.800379	11.041537
5.836959	5.992870	10.296566
1.683835	4.160955	1.113986
3.880825	5.317847	12.118537
6.755592	6.105420	7.851611
2.592876	5.519965	2.402153
2.837551	1.450061	8.322008
4.844011	9.166326	6.425665
3.821223	3.603047	2.051355
5.598445	3.919516	6.723258
5.368155	4.602002	10.462382
4.602156	5.216476	12.139848
3.500867	5.354440	11.229559
2.900259	6.889439	4.538333
5.555544	4.735950	8.481361
3.623497	1.593267	5.118053
3.772166	5.196780	11.683994
3.031044	5.541221	11.507355
6.194738	4.906000	2.758888
2.929667	6.007604	3.800620
3.679433	4.993114	11.980814
1.805658	4.540833	2.149115
3.146733	5.458559	2.552733
2.518749	3.928941	2.660680
2.533605	4.924456	9.907164
5.672591	4.236974	8.564305
4.474418	3.949428	9.939825
3.162903	4.075735	0.438479
4.087995	3.363760	10.139071
5.079331	3.766829	5.861439
2.805566	3.826099	11.869440
1.646562	3.574089	1.364387
3.626969	4.669541	12.354687
4.482660	4.564722	11.758539
6.089546	3.455213	10.611508
5.757298	8.274572	7.036916
1.968334	4.370085	8.762675
3.965854	8.127394	3.481507
6.518358	5.770507	7.317941
5.364545	8.932558	8.435575
5.830677	6.825215	11.000012
5.402195	6.061901	12.194799
4.305671	4.857994	0.286543
4.896075	7.270626	1.655539
3.347028	5.216206	0.904076
3.920509	5.096834	-0.040626
2.377674	5.072503	10.831371
3.633457	6.941311	10.476087
6.762920	7.551331	9.252019
3.239197	5.190429	0.261328
4.393829	7.915617	1.312804
5.510713	4.021316	9.640912
4.940465	7.571747	10.170607
1.817650	1.554209	6.208966
2.954141	1.624907	7.898201
3.637064	6.800061	1.526426
2.382222	1.808928	4.403906
2.847051	2.864574	2.149470
4.538594	4.850801	-0.247308
3.255618	2.377253	2.005676
3.083626	2.835208	11.790188
3.768860	1.192958	6.948317
4.896456	4.230979	9.004938
3.956656	2.378712	10.063505
4.341501	4.580808	11.864932
1.808344	3.728575	0.548586
2.687957	4.107875	11.090730
1.808421	3.557416	6.967691
1.697530	3.674484	9.263425
1.302058	4.654082	7.043090
5.067988	8.568186	3.375223
4.412112	1.850291	5.428863
2.135968	5.190348	2.159428
5.808098	3.502805	9.435611
3.687570	7.113063	1.937280
4.261942	2.750502	8.423622
2.398661	4.780952	7.707151
4.475314	7.598744	5.980449
5.227517	6.899860	1.247821
5.119807	4.742820	10.793887
3.517539	4.388100	11.252109
2.907476	2.890496	1.429955
4.682678	5.605509	1.256263
5.746503	3.919943	8.222684
2.569135	1.675396	6.270858
5.704075	4.282980	1.660446
3.964660	7.232454	4.090150
3.823916	4.242739	-0.320761
1.684670	3.896620	11.722375
4.017042	5.751318	-0.595194
1.358967	4.738645	7.767955
3.194317	4.400614	0.397372
5.411529	7.860924	2.544772
3.613830	3.338847	0.638297
3.366714	4.884129	0.052408
3.443309	7.720282	7.304628
4.950678	8.020518	8.126853
3.724277	5.306773	11.969787
3.114045	5.016746	11.441227
3.975379	4.309546	-0.097591
4.336335	7.446407	1.826683
3.275963	5.880322	0.683896
0.882060	3.291569	7.506936
4.469364	4.674226	12.437341
5.009147	6.010866	0.262343
5.890861	5.183860	1.120454
5.307628	3.660871	1.322503
4.250061	5.513031	12.340636
3.759463	1.620794	10.108195
4.503711	4.986938	-0.403562
3.159731	2.109409	4.249053
1.360727	3.906013	8.246816
5.168969	6.793764	9.660004
5.876682	4.139223	9.134472
2.844712	5.815236	10.993685
2.756141	2.854994	11.274092
4.739670	3.273567	2.678104
3.126032	5.807972	11.280757
5.583799	4.857673	1.484483
2.401558	5.642459	2.475273
4.008466	5.853461	12.212976
3.550874	4.699866	12.073825
5.773813	7.586054	6.407387
1.610338	4.945631	5.436407
7.040479	6.812257	5.421807
5.091290	4.990024	1.352485
3.382085	6.520085	1.239172
1.529766	3.780506	5.263230
6.398297	6.768471	7.953971
5.033461	6.125225	0.755013
3.643766	5.621574	11.625909
3.012000	7.241874	7.675819
2.712690	2.821253	9.414817
4.683186	2.628575	3.721988
5.378981	3.682956	9.231469
5.909036	8.141250	2.576002
4.195083	4.613589	1.037514
4.496998	7.334116	11.882454
4.743086	6.440399	12.027356
6.491767	8.114747	9.171642
6.140511	7.427288	2.645566
2.628372	5.007375	1.393129
2.120237	2.424826	3.874803
5.886743	5.611598	10.580381
2.279607	1.488613	5.287978
4.209849	5.456533	0.353390
2.593627	2.626202	10.320560
3.809889	5.156027	12.579084
5.293329	7.539441	1.606060
2.525501	1.353989	4.862332
2.398546	5.340640	1.622639
4.010961	5.056361	11.388439
4.657924	4.354967	12.010574
5.067065	7.626876	10.062868
4.364810	4.189850	-0.717655
2.446715	4.866425	11.746086
6.134188	7.219927	1.078948
5.277195	5.289944	2.381445
4.946356	7.965631	3.043391
5.531503	5.991343	1.718942
4.019174	6.610632	9.779874
4.441844	7.589702	9.234714
3.199122	5.347012	10.935266
2.946605	4.260175	0.791019
4.724121	4.680878	0.016277
4.803106	4.459038	11.414948
3.904900	4.721486	0.057003
4.130833	4.320663	0.192264
4.938235	4.293245	2.078417
3.864589	4.214997	-0.171587
2.253560	3.930171	6.787836
5.274417	7.178424	9.652069
1.447724	1.710964	8.567516
2.327374	4.661060	1.786309
3.333519	5.000264	11.601987
4.521588	6.700541	11.601745
2.483503	1.322783	4.620826
4.307079	3.528069	1.237482
4.911308	8.236292	10.867736
2.937329	6.865353	9.833559
3.220061	3.872497	0.614743
1.750140	3.872400	7.496533
2.835385	7.165674	2.354648
4.907203	3.759319	10.706956
2.190406	5.157480	6.030254
6.368732	4.391186	1.221133
1.570161	1.201177	5.314720
3.502527	2.253643	9.272073
3.105206	5.131918	-0.162737
1.512860	1.526856	5.808362
4.283228	3.495485	0.776037
6.252285	5.081805	3.877696
2.464406	5.911578	11.326021
5.732141	4.155750	9.959147
5.875976	7.178266	9.986126
1.904751	3.701089	9.050178
3.338415	7.600002	3.070159
3.705468	5.620161	0.054920
3.738215	4.409374	11.623017
2.783828	2.043453	3.273064
3.813764	3.298461	11.814288
4.712697	5.056625	12.120015
2.677558	6.465815	1.360729
4.609698	5.279519	0.692778
5.845854	4.707650	0.422183
2.525909	7.168042	4.350377
5.374909	5.115528	0.867325
2.114824	4.174117	10.863642
0.964371	3.482403	7.320115
5.180274	7.087881	2.363702
6.664728	5.880201	2.806918
4.158348	4.981177	11.243037
3.941055	7.494101	9.518795
4.460420	3.606652	0.050247
5.325566	4.049994	10.779271
4.214233	4.894867	-0.281703
1.071996	2.419393	3.304126
2.630293	2.282109	2.007643
1.405788	4.528550	5.117595
2.594990	2.572629	9.167153
4.916356	6.082638	0.761943
5.410083	4.086629	7.710089
5.975037	8.030982	9.201324
3.212393	6.692580	7.589493
4.067404	4.564350	12.594083
5.664257	7.680624	2.401098
4.245520	4.836635	12.113608
4.951971	6.993131	2.259831
2.394421	6.861280	7.558261
3.351166	6.995361	7.244406
4.062682	7.774528	5.241321
4.300613	5.367986	-0.192946
3.660540	3.645636	-0.158632
3.325727	6.812515	3.075284
5.984513	7.260874	3.506108
2.077700	4.745486	3.250094
3.015399	3.168170	1.832866
1.470151	4.271441	1.667355
4.939073	6.252958	12.420963
4.146944	3.666847	11.245159
5.661727	4.437610	7.765805
4.434076	6.756868	10.922156
